Time,Gx0,Gy0,Gz0,Ax0,Ay0,Az0,Gx1,Gy1,Gz1,Ax1,Ay1,Az1,Gx2,Gy2,Gz2,Ax2,Ay2,Az2,Gx3,Gy3,Gz3,Ax3,Ay3,Az3,Gx4,Gy4,Gz4,Ax4,Ay4,Az4,
0,-0.3,-1.06,-1.14,-0.51,-0.76,-0.45,-0.79,-0.04,-0.92,-0.75,-0.55,-0.39,0.11,0.31,-0.75,-0.42,-0.75,-0.53,0.24,0.1,-0.08,-0.63,-0.71,-0.48,0.31,0.44,0.06,0.32,-0.75,-0.72
1,-0.24,0.15,-0.63,-0.43,-0.82,-0.37,-0.59,0.72,-0.5,-0.68,-0.63,-0.37,-0.56,0.04,-0.17,-0.37,-0.8,-0.48,-0.62,0.15,0.18,-0.64,-0.74,-0.42,-0.7,0.08,-0.69,0.28,-0.76,-0.72
2,-1.37,-0.24,0.19,-0.41,-0.85,-0.37,-1.34,-0.5,0.89,-0.7,-0.65,-0.38,-1.63,-0.28,0.01,-0.41,-0.79,-0.52,-1.3,0.44,0.33,-0.65,-0.73,-0.5,-1.13,-0.18,-1.24,0.32,-0.77,-0.77
3,-1.33,0.09,-0.23,-0.5,-0.78,-0.45,-1.12,0.31,0.15,-0.77,-0.56,-0.38,-0.79,0.53,-0.41,-0.46,-0.74,-0.58,-0.34,0.7,-0.18,-0.69,-0.7,-0.53,-0.34,-0.05,-1.03,0.29,-0.76,-0.82
4,-0.63,0.2,-0.63,-0.47,-0.8,-0.44,-0.63,0.6,-0.53,-0.72,-0.58,-0.39,-0.65,-0.54,-0.59,-0.41,-0.78,-0.58,-0.54,-0.21,0.06,-0.65,-0.74,-0.52,-0.18,-0.18,-0.31,0.35,-0.77,-0.76
5,-0.79,-1.28,-0.07,-0.44,-0.82,-0.44,-0.99,-1.34,0.33,-0.72,-0.61,-0.4,-0.66,-0.8,-0.08,-0.4,-0.8,-0.53,-0.52,-0.44,0.3,-0.63,-0.75,-0.51,-0.48,0.02,-0.03,0.33,-0.76,-0.76
6,-0.55,-0.98,-0.36,-0.5,-0.78,-0.43,-0.76,-0.37,-0.24,-0.78,-0.54,-0.39,-0.01,-0.15,-1.06,-0.49,-0.75,-0.56,0.14,0.21,-0.56,-0.7,-0.66,-0.54,0.63,0.85,-0.34,0.32,-0.76,-0.81
7,-1.92,-0.66,-1.5,-0.49,-0.77,-0.46,-0.7,0.24,-1.73,-0.77,-0.56,-0.38,0.11,-0.77,-1.7,-0.46,-0.74,-0.54,-0.5,-1.13,-0.6,-0.71,-0.65,-0.55,1.63,0.41,-1.41,0.31,-0.75,-0.83
8,-0.5,-1.73,-1.78,-0.49,-0.81,-0.4,-1.44,-0.88,-1.68,-0.76,-0.61,-0.37,-0.3,-1.5,-2.03,-0.48,-0.77,-0.55,-0.1,-0.41,-0.92,-0.65,-0.71,-0.51,1.92,0.05,-0.78,0.32,-0.8,-0.75
9,-0.22,-1.08,-1.83,-0.47,-0.78,-0.45,-0.79,0.19,-1.5,-0.73,-0.58,-0.4,0.34,-0.92,-1.81,-0.38,-0.76,-0.54,0.37,-0.93,-1.45,-0.64,-0.71,-0.54,2.18,-0.63,-0.85,0.36,-0.75,-0.78
10,0.06,-1.65,-1.69,-0.42,-0.8,-0.43,-0.82,-0.78,-1.93,-0.69,-0.58,-0.44,1.11,-1.54,-1.83,-0.35,-0.78,-0.56,0.98,-1.56,-1.85,-0.58,-0.74,-0.51,2.65,-1.61,-0.53,0.4,-0.76,-0.72
11,-0.11,-1.66,0.02,-0.33,-0.82,-0.52,-0.6,-2.02,-1.14,-0.62,-0.56,-0.5,1.12,-2.81,-0.17,-0.16,-0.8,-0.62,0.35,-3.02,0.53,-0.46,-0.84,-0.59,2.31,-3.92,1.0,0.5,-0.77,-0.72
12,0.58,-4.21,2.69,-0.12,-0.87,-0.55,1.87,-1.2,-1.66,-0.41,-0.57,-0.68,2.4,-7.12,1.97,-0.02,-0.81,-0.77,-0.19,-9.05,4.42,-0.35,-0.92,-0.82,3.18,-10.61,5.78,0.58,-0.83,-0.82
13,3.69,-11.27,5.43,0.06,-0.77,-0.77,5.82,-7.4,-1.74,-0.04,-0.55,-0.98,6.08,-15.4,8.85,0.25,-0.74,-0.84,0.6,-21.42,10.6,-0.14,-1.02,-1.08,6.13,-24.11,14.14,0.78,-0.86,-0.87
14,8.91,-27.22,10.11,0.23,-0.69,-0.87,8.06,-28.74,-1.94,-0.02,-0.37,-0.86,11.2,-34.66,9.78,0.2,-0.67,-1.1,3.69,-38.82,10.52,-0.35,-0.72,-1.28,8.05,-33.65,26.36,0.73,-0.84,-0.94
15,14.26,-45.76,17.27,0.15,-0.52,-0.62,6.75,-57.96,-0.58,-0.2,-0.34,-0.29,12.56,-47.78,19.57,0.28,-0.51,-0.59,13.23,-44.0,6.42,-0.28,-0.62,-0.88,11.53,-41.21,32.89,0.42,-0.78,-0.96
16,14.84,-52.06,27.02,0.11,-0.43,0.08,6.25,-69.26,-4.34,-0.2,-0.49,0.31,14.6,-54.91,27.96,0.22,-0.39,0.19,12.4,-52.11,18.17,0.19,-0.56,-0.22,14.27,-55.51,33.2,0.06,-0.58,-0.85
17,15.44,-61.49,23.25,-0.28,-0.23,0.62,14.95,-48.91,-10.03,0.16,-0.77,0.54,15.77,-71.74,17.82,-0.37,-0.13,0.34,4.53,-68.37,33.13,0.4,-0.24,0.34,18.27,-69.13,30.95,0.14,-0.49,-0.39
18,12.81,-72.18,18.8,-0.2,-0.02,0.87,14.99,-61.05,-9.97,-0.15,-0.26,1.46,17.89,-63.05,9.42,-0.02,0.06,0.9,-0.31,-68.84,24.21,0.1,0.11,1.14,16.72,-55.33,31.5,-0.15,-0.21,0.36
19,12.66,-66.76,14.91,-0.36,-0.07,1.38,-14.97,-88.08,-8.88,-0.04,-0.31,1.56,15.78,-46.34,10.09,-0.13,-0.28,1.73,5.96,-39.64,18.03,-0.22,-0.13,1.84,7.79,-38.67,21.34,-0.74,-0.25,0.73
20,8.45,-29.61,7.15,-0.25,-0.71,1.94,1.19,-35.85,-2.73,0.25,-1.36,1.22,1.45,-24.22,14.7,-0.24,-0.73,1.88,-2.71,-23.22,15.96,-0.38,-0.24,1.63,-2.47,-30.57,10.38,-0.85,-0.36,0.75
21,-2.41,-14.46,9.73,-0.03,-0.51,1.53,15.47,15.63,-3.09,-0.22,-0.98,0.96,-3.5,-26.0,7.69,-0.53,-0.2,1.12,-6.08,-21.1,9.88,-0.34,-0.18,1.32,0.79,-15.47,8.85,-0.69,-0.46,0.62
22,-4.21,-27.76,9.17,-0.54,-0.03,0.84,4.08,-11.27,-7.74,-0.3,-0.25,1.01,1.72,-15.63,2.5,-0.4,-0.19,1.0,-0.14,-12.47,5.53,-0.3,-0.12,1.16,1.12,-11.34,6.53,-0.81,-0.45,0.62
23,3.59,-7.47,1.22,-0.29,-0.32,1.16,-6.9,-21.52,-2.05,0.62,-0.45,0.85,3.15,-5.66,3.31,-0.23,-0.43,1.2,0.77,-5.57,5.0,-0.31,-0.29,1.25,0.44,-3.03,3.52,-0.91,-0.48,0.56
24,1.76,-0.98,2.23,-0.13,-0.44,1.18,1.89,0.6,5.29,0.17,-1.15,0.83,0.52,-2.52,3.62,-0.17,-0.38,1.01,1.31,-0.7,3.01,-0.3,-0.26,1.0,-1.18,-1.73,1.71,-0.85,-0.49,0.37
25,0.02,1.91,1.37,-0.16,-0.34,1.0,9.53,8.51,-1.5,-0.07,-0.65,0.88,0.08,-0.78,2.15,-0.25,-0.3,0.85,-0.6,-2.15,2.24,-0.3,-0.25,0.88,-0.08,-2.02,0.85,-0.79,-0.51,0.31
26,-0.45,-2.77,0.94,-0.21,-0.3,0.9,0.09,1.53,-4.96,0.11,-0.26,0.83,-0.26,-3.2,0.35,-0.24,-0.34,0.92,-0.4,-2.53,1.15,-0.3,-0.28,0.98,0.63,-1.73,0.08,-0.76,-0.52,0.39
27,-0.85,-3.11,0.4,-0.2,-0.38,0.97,-6.83,-4.75,0.65,0.29,-0.8,0.71,-0.84,-1.54,0.25,-0.25,-0.37,0.87,-0.31,0.13,0.8,-0.3,-0.3,0.9,-0.31,0.39,-0.44,-0.75,-0.5,0.3
28,-0.59,2.56,-1.07,-0.09,-0.37,0.89,2.63,-1.87,3.02,0.08,-0.9,0.64,-0.2,1.42,0.1,-0.19,-0.33,0.78,-0.49,-0.11,-0.29,-0.26,-0.29,0.8,0.04,-0.52,-0.13,-0.69,-0.51,0.28
29,-1.07,-0.64,-0.66,-0.1,-0.34,0.85,1.38,1.74,-0.75,0.06,-0.32,0.76,-0.95,-1.95,-0.43,-0.12,-0.37,0.79,-1.31,-2.06,0.59,-0.22,-0.34,0.84,0.22,-2.0,-0.11,-0.69,-0.52,0.33
30,-1.31,-3.71,0.3,-0.09,-0.37,0.87,-5.28,-1.27,-2.26,0.16,-0.51,0.77,-1.08,-2.53,0.58,-0.09,-0.39,0.85,-1.47,-1.91,1.68,-0.23,-0.31,0.85,-0.44,-1.43,0.06,-0.7,-0.5,0.39
31,-0.92,-1.63,0.79,-0.1,-0.34,0.88,-0.74,-1.76,1.16,0.2,-0.87,0.56,-1.02,-0.62,1.48,-0.14,-0.36,0.83,-0.29,0.59,1.66,-0.26,-0.27,0.83,-0.99,0.28,-0.15,-0.73,-0.49,0.37
32,-0.15,1.73,0.24,-0.1,-0.33,0.88,2.53,-0.07,2.57,0.16,-0.53,0.77,-0.31,1.03,0.78,-0.19,-0.35,0.83,0.34,1.05,0.83,-0.24,-0.31,0.86,-0.95,0.44,0.15,-0.69,-0.5,0.32
33,-0.72,0.02,0.87,-0.12,-0.36,0.87,-2.31,-1.12,0.66,0.03,-0.44,0.74,-0.56,-0.02,0.68,-0.16,-0.35,0.79,-0.39,0.18,1.35,-0.24,-0.3,0.81,-1.02,-0.15,0.1,-0.7,-0.5,0.27
34,-0.57,-0.4,0.81,-0.15,-0.34,0.86,-1.33,1.47,-0.18,0.13,-0.69,0.68,-0.6,0.11,1.34,-0.16,-0.36,0.81,-0.69,0.21,2.62,-0.24,-0.31,0.83,-1.1,0.29,0.22,-0.72,-0.51,0.3
