Time,Gx0,Gy0,Gz0,Ax0,Ay0,Az0,Gx1,Gy1,Gz1,Ax1,Ay1,Az1,Gx2,Gy2,Gz2,Ax2,Ay2,Az2,Gx3,Gy3,Gz3,Ax3,Ay3,Az3,Gx4,Gy4,Gz4,Ax4,Ay4,Az4,
0,-0.32,-0.02,-0.34,-0.66,-0.7,-0.27,-0.34,0.38,0.25,-0.66,-0.73,-0.19,-0.52,-0.3,0.53,-0.52,-0.84,-0.17,-0.59,-0.55,0.93,-0.05,-1.07,-0.18,-0.78,-0.78,-0.18,0.16,-0.91,-0.56
1,-0.5,-0.56,-0.91,-0.67,-0.72,-0.25,-1.09,-0.77,0.07,-0.68,-0.75,-0.18,-0.44,0.42,-0.47,-0.45,-0.89,-0.08,-0.75,-0.53,0.34,-0.02,-1.1,-0.13,-1.05,-0.43,-0.81,0.17,-0.92,-0.63
2,-0.59,0.34,-0.91,-0.66,-0.76,-0.26,-1.37,0.05,0.21,-0.67,-0.76,-0.2,-1.48,-0.15,0.66,-0.46,-0.86,-0.15,-1.26,-0.79,0.73,-0.02,-1.09,-0.2,-0.9,-0.81,-1.17,0.19,-0.9,-0.66
3,-0.85,0.11,-0.76,-0.66,-0.71,-0.29,-1.25,0.01,-0.08,-0.67,-0.72,-0.21,-1.44,-1.27,0.05,-0.56,-0.83,-0.25,-0.37,-0.75,-0.07,-0.07,-1.06,-0.26,-0.1,-0.85,-0.76,0.22,-0.9,-0.64
4,-1.31,-1.6,-1.37,-0.7,-0.67,-0.31,-1.47,-1.24,-1.42,-0.71,-0.71,-0.23,-0.38,-0.26,-1.84,-0.47,-0.85,-0.13,0.07,-1.43,-0.42,-0.02,-1.08,-0.16,0.4,-0.79,-0.98,0.18,-0.9,-0.62
5,-1.73,-0.9,-0.66,-0.59,-0.76,-0.21,-1.73,-0.6,-0.41,-0.64,-0.76,-0.19,-1.7,-1.57,0.39,-0.41,-0.88,-0.14,-0.64,-1.57,0.21,-0.0,-1.08,-0.16,-0.41,-1.24,-1.42,0.19,-0.9,-0.6
6,-1.98,-0.83,-0.32,-0.63,-0.72,-0.28,-2.37,-1.4,0.04,-0.67,-0.73,-0.21,-1.84,-1.32,0.31,-0.51,-0.83,-0.2,-0.27,-0.88,-0.69,-0.05,-1.07,-0.25,-0.06,-0.87,-1.34,0.22,-0.89,-0.66
7,-1.37,-0.81,-1.61,-0.7,-0.66,-0.36,-1.43,-0.31,-1.35,-0.71,-0.67,-0.28,-0.69,-0.24,-1.7,-0.49,-0.82,-0.22,0.31,-0.92,-0.94,-0.02,-1.08,-0.25,0.47,-0.73,-0.98,0.24,-0.87,-0.66
8,-1.05,-0.5,-1.24,-0.61,-0.72,-0.33,-1.73,-1.01,-0.52,-0.66,-0.71,-0.27,-1.18,-1.13,0.12,-0.44,-0.85,-0.23,-0.19,-0.95,0.21,0.02,-1.08,-0.25,-0.09,-0.89,-0.6,0.25,-0.89,-0.65
9,-1.05,-0.84,-0.69,-0.64,-0.7,-0.34,-1.18,-0.75,-0.59,-0.68,-0.69,-0.26,-0.74,-0.47,-0.33,-0.51,-0.82,-0.23,-0.08,-0.69,0.01,-0.05,-1.06,-0.27,0.26,-0.4,-0.68,0.24,-0.88,-0.64
10,-0.36,-0.45,-1.06,-0.65,-0.72,-0.34,-0.09,0.45,-1.31,-0.7,-0.73,-0.27,-0.23,-0.27,-0.85,-0.51,-0.9,-0.23,0.51,-0.46,-0.15,0.01,-1.15,-0.25,0.53,-0.59,-0.4,0.25,-0.96,-0.69
11,-0.08,-1.1,-1.51,-0.7,-0.76,-0.35,-0.47,-1.13,-1.5,-0.74,-0.77,-0.25,-0.08,-1.71,-1.18,-0.56,-0.9,-0.22,1.23,-1.56,-0.09,-0.04,-1.15,-0.28,1.69,-1.21,-0.35,0.21,-0.95,-0.72
12,-0.15,-2.24,-2.21,-0.74,-0.72,-0.32,-1.23,-2.81,-2.15,-0.77,-0.73,-0.23,0.06,-2.19,-2.66,-0.63,-0.84,-0.19,1.85,-1.72,-1.18,-0.15,-1.08,-0.24,2.81,-0.78,-0.59,0.17,-0.88,-0.7
13,0.03,-1.78,-4.18,-0.74,-0.66,-0.27,-1.05,-1.73,-4.12,-0.76,-0.69,-0.19,0.21,-0.79,-4.13,-0.53,-0.83,-0.14,2.24,-1.09,-2.29,-0.09,-1.06,-0.19,3.8,0.05,-1.32,0.15,-0.85,-0.63
14,0.24,-0.41,-4.16,-0.6,-0.7,-0.23,-0.04,1.23,-4.17,-0.62,-0.72,-0.2,-0.62,-0.55,-2.89,-0.37,-0.85,-0.11,0.95,-1.04,-1.52,0.03,-1.04,-0.11,2.56,0.03,-1.52,0.19,-0.84,-0.53
15,-0.57,-0.09,-3.35,-0.56,-0.72,-0.25,-1.62,-0.58,-2.76,-0.57,-0.73,-0.21,-1.31,-0.39,-2.52,-0.38,-0.82,-0.18,0.31,-0.5,-1.86,0.0,-1.0,-0.21,1.66,0.44,-1.46,0.26,-0.84,-0.51
16,-0.38,-0.08,-3.34,-0.53,-0.7,-0.31,-0.61,1.23,-2.88,-0.57,-0.69,-0.26,-0.34,0.64,-3.11,-0.35,-0.82,-0.21,0.63,0.02,-1.94,0.08,-0.99,-0.17,1.42,0.78,-1.04,0.27,-0.83,-0.53
17,0.31,0.64,-3.58,-0.49,-0.73,-0.31,-0.82,1.04,-2.17,-0.5,-0.73,-0.29,-0.95,0.51,-1.43,-0.27,-0.86,-0.21,-0.5,0.31,-0.69,0.15,-1.02,-0.16,-0.11,0.84,-0.79,0.29,-0.85,-0.48
18,-0.5,0.99,-1.14,-0.43,-0.79,-0.29,-0.95,0.96,-0.13,-0.49,-0.75,-0.3,-1.08,0.91,0.42,-0.27,-0.87,-0.23,-1.06,0.43,0.3,0.08,-1.03,-0.22,-1.37,0.24,-0.56,0.28,-0.86,-0.51
19,-0.35,0.05,-0.81,-0.54,-0.71,-0.37,-0.5,0.4,0.0,-0.58,-0.72,-0.3,-0.07,0.95,-0.95,-0.4,-0.83,-0.22,-0.4,0.7,-0.24,0.05,-1.02,-0.24,-0.97,0.47,-0.21,0.27,-0.87,-0.59
20,0.34,0.57,-1.61,-0.59,-0.72,-0.36,-0.24,0.67,-0.27,-0.6,-0.72,-0.29,0.09,0.97,-1.03,-0.4,-0.86,-0.23,-0.38,1.01,0.37,0.07,-1.07,-0.23,-0.86,0.9,0.12,0.27,-0.89,-0.59
21,0.67,0.9,-0.5,-0.52,-0.77,-0.31,0.28,1.09,0.14,-0.58,-0.77,-0.28,0.16,1.08,0.22,-0.39,-0.89,-0.23,-0.46,1.11,0.69,0.02,-1.08,-0.23,-1.22,0.69,0.21,0.26,-0.9,-0.6
22,0.13,0.06,-0.34,-0.61,-0.75,-0.32,0.18,0.39,-0.21,-0.66,-0.74,-0.26,0.59,0.33,-1.63,-0.53,-0.85,-0.27,0.3,1.34,-0.31,-0.04,-1.07,-0.28,-0.4,0.61,0.47,0.26,-0.91,-0.59
23,2.61,0.97,-3.9,-0.62,-0.75,-0.34,1.47,1.7,-1.96,-0.66,-0.75,-0.27,2.05,1.56,-4.07,-0.42,-0.9,-0.18,0.67,1.2,0.23,0.05,-1.09,-0.19,0.17,1.46,0.53,0.25,-0.92,-0.58
24,3.36,1.3,-4.27,-0.55,-0.82,-0.24,1.11,1.53,-1.57,-0.65,-0.76,-0.28,1.47,3.33,-2.52,-0.29,-0.92,-0.1,-2.76,-0.5,7.19,0.31,-1.11,-0.06,0.4,1.84,0.31,0.22,-0.93,-0.54
25,1.76,1.6,-2.13,-0.45,-0.88,-0.22,1.36,2.15,-1.01,-0.53,-0.82,-0.24,0.64,2.64,-0.24,-0.31,-0.93,-0.13,-0.45,1.27,2.05,-0.25,-1.06,-0.34,-0.28,1.19,0.31,0.24,-0.92,-0.58
26,0.59,-0.32,-1.15,-0.55,-0.8,-0.27,0.68,1.31,-1.02,-0.59,-0.79,-0.24,0.56,0.9,-1.68,-0.41,-0.89,-0.16,0.52,0.75,-0.27,0.03,-1.06,-0.17,0.53,0.85,0.06,0.25,-0.92,-0.53
27,0.69,-0.27,-2.9,-0.53,-0.82,-0.25,-0.26,-0.02,-1.35,-0.58,-0.8,-0.23,1.06,2.85,-2.08,-0.31,-0.94,-0.16,0.09,0.7,0.26,0.03,-1.09,-0.16,0.04,1.18,0.05,0.24,-0.92,-0.51
28,1.02,1.27,-0.73,-0.37,-0.92,-0.22,0.56,3.9,-0.24,-0.51,-0.83,-0.22,-0.34,1.18,0.63,-0.25,-0.93,-0.14,-0.64,0.95,-0.44,0.01,-1.08,-0.1,-0.97,0.94,0.1,0.25,-0.92,-0.51
29,-0.53,-0.1,0.12,-0.52,-0.81,-0.27,-0.34,0.68,0.24,-0.55,-0.8,-0.21,-0.37,0.66,-0.18,-0.39,-0.88,-0.19,0.5,1.82,-2.08,0.0,-1.05,-0.23,-0.48,1.34,0.37,0.27,-0.92,-0.52
30,0.23,1.01,-0.43,-0.47,-0.83,-0.25,0.49,2.31,-0.41,-0.54,-0.8,-0.22,-0.36,0.37,0.28,-0.28,-0.92,-0.17,0.21,0.98,-1.22,0.06,-1.07,-0.16,-0.78,1.5,0.57,0.28,-0.93,-0.5
31,-1.26,0.66,2.06,-0.36,-0.88,-0.19,0.21,6.38,2.41,-0.27,-0.93,-0.02,-2.15,-1.39,7.16,-0.06,-0.93,-0.14,1.95,3.02,-3.4,-0.09,-1.07,-0.35,-0.02,2.85,1.68,0.32,-0.96,-0.63
32,-11.38,4.82,24.37,0.13,-1.1,0.15,-13.07,20.76,7.3,-0.05,-0.87,0.36,-12.94,4.46,36.37,0.64,-0.9,0.05,-0.18,5.63,-2.08,0.08,-1.15,-0.36,2.56,6.82,0.16,0.29,-0.99,-0.8
33,-58.02,-20.56,86.02,0.62,-0.65,0.49,-53.61,9.92,55.76,-0.01,-0.32,-0.07,-54.7,-4.43,105.73,1.13,-0.11,0.66,-9.27,-1.51,5.43,0.37,-1.04,0.03,3.58,3.77,-1.41,0.29,-0.86,-0.49
34,-83.56,-14.61,116.37,0.02,0.71,0.35,-94.39,-39.56,83.87,-0.11,0.35,0.22,-78.61,1.83,129.34,0.21,1.23,-0.57,-18.53,-27.08,15.51,0.42,-1.01,0.07,4.01,-7.52,-1.27,0.18,-0.77,-0.42
35,-83.08,31.52,122.5,0.77,2.0,-0.39,-114.47,-59.92,113.08,-0.91,1.98,0.02,-94.39,10.07,110.95,-1.47,2.0,-0.42,-14.22,-20.32,24.51,0.11,-0.73,-0.16,6.45,-5.86,1.63,0.29,-0.86,-0.26
36,-81.05,31.18,69.48,-1.62,2.0,-1.17,-92.86,-36.22,34.56,2.0,2.0,-0.21,-55.49,15.82,42.08,-1.38,1.66,-1.08,1.94,-19.27,1.5,-0.52,-0.95,-0.58,3.83,-1.3,2.4,0.44,-1.07,-0.43
37,-37.93,11.95,17.75,-0.65,0.39,0.08,-5.74,-11.11,13.26,-0.81,0.53,0.26,-17.69,-1.5,14.71,-0.93,1.14,-0.68,8.62,11.31,5.21,-0.39,-1.15,-0.37,0.89,-1.18,2.95,0.15,-0.99,-0.27
38,-10.24,1.79,6.91,-0.24,0.92,0.06,-10.62,-2.65,7.14,-0.75,0.64,0.19,-8.85,4.15,4.43,-0.63,0.86,-0.21,-2.5,-3.94,3.57,-0.2,-1.03,-0.32,-0.56,-4.79,0.71,0.1,-0.9,-0.35
39,4.11,-0.03,-5.92,-0.25,1.3,-0.02,6.94,2.53,-13.09,-0.7,1.06,0.35,18.22,-5.17,-17.14,-0.7,1.24,-0.38,4.56,6.95,-5.27,-0.39,-0.91,-0.36,1.53,-5.53,3.69,0.13,-0.86,-0.49
40,41.19,-12.26,-47.06,-0.61,1.85,-0.29,31.72,5.73,-57.6,-1.12,0.48,-0.1,75.08,-13.91,-96.15,-1.57,1.66,-0.85,11.67,11.19,-19.1,-0.54,-1.21,-0.27,-5.55,-1.88,-3.99,0.24,-1.05,-0.1
41,78.21,-21.47,-115.82,-1.01,1.44,-0.21,64.36,16.62,-67.28,-0.6,-0.08,0.17,74.47,-13.46,-147.76,-1.12,1.59,-0.2,18.31,18.78,-30.03,0.12,-0.94,0.22,-9.74,0.44,-4.21,0.14,-0.89,-0.25
42,70.18,-10.21,-116.16,0.13,0.68,0.2,50.96,-3.23,-89.86,-1.86,0.91,0.3,37.17,4.52,-88.5,0.44,0.02,0.13,7.26,21.22,-17.19,0.56,-0.92,0.06,-13.18,0.79,-2.47,0.47,-0.87,-0.73
43,39.15,25.08,-56.21,-0.08,-0.28,0.47,46.97,57.5,-37.11,0.59,-0.72,0.46,16.81,25.96,-31.51,0.46,-0.78,0.07,-1.38,11.4,-2.82,0.22,-1.03,-0.38,-5.39,3.94,-1.02,0.21,-0.87,-0.88
44,20.67,33.19,-16.97,0.1,-0.9,-0.18,18.56,30.26,-13.02,-0.03,-0.88,-0.14,4.9,11.72,-12.22,-0.16,-0.92,-0.08,0.79,6.59,-0.92,0.23,-1.05,-0.19,0.26,1.36,0.12,0.31,-0.83,-0.84
45,1.06,-6.08,-3.13,-0.57,-0.84,-0.07,-1.42,-7.78,-4.99,-0.62,-0.74,-0.17,-0.74,-6.34,-1.87,-0.29,-0.93,-0.16,0.28,-7.95,1.34,0.14,-1.03,-0.15,1.62,-1.8,-1.43,0.22,-0.83,-0.64
46,-5.05,-11.79,-4.32,-0.51,-0.8,-0.22,-5.5,-13.42,-3.04,-0.6,-0.74,-0.22,-0.11,-0.07,-0.65,-0.12,-0.98,-0.09,1.08,-1.49,0.93,0.34,-1.07,0.04,0.73,-1.28,-0.1,0.29,-0.9,-0.54
47,2.08,2.46,0.36,-0.41,-0.89,-0.19,5.85,7.63,0.26,-0.52,-0.8,-0.19,-1.33,-0.73,4.5,-0.13,-0.96,-0.07,-2.43,-1.85,3.28,0.18,-1.03,-0.05,-1.33,-0.22,-0.15,0.28,-0.87,-0.58
48,-0.02,-2.08,-1.31,-0.57,-0.77,-0.29,-2.07,-2.37,-0.37,-0.65,-0.71,-0.23,-0.98,-1.36,-0.96,-0.41,-0.89,-0.2,0.12,-0.92,0.64,0.22,-1.04,-0.12,0.36,0.18,0.15,0.28,-0.83,-0.67
49,-0.73,-0.89,-2.45,-0.51,-0.82,-0.22,-1.1,-0.01,-0.96,-0.64,-0.74,-0.23,-1.23,-1.24,1.18,-0.18,-0.96,-0.12,-0.33,-0.21,1.19,0.25,-1.07,-0.05,-0.53,0.16,0.24,0.27,-0.86,-0.64
50,-1.3,-1.44,0.33,-0.49,-0.81,-0.34,-0.5,0.02,0.3,-0.65,-0.72,-0.32,-1.34,-2.8,2.59,-0.46,-0.89,-0.32,-1.22,-1.85,2.92,0.14,-1.03,-0.28,0.02,0.08,0.88,0.31,-0.87,-0.61
51,0.05,-1.44,-2.07,-0.56,-0.75,-0.31,-0.06,-0.89,-2.05,-0.7,-0.7,-0.23,0.35,1.76,-0.66,-0.22,-0.91,-0.05,0.32,0.62,0.66,0.23,-1.07,-0.1,1.39,1.24,0.79,0.29,-0.87,-0.66
52,1.06,2.55,-1.98,-0.42,-0.91,-0.21,0.28,2.24,-0.5,-0.57,-0.77,-0.28,-1.01,0.92,4.32,-0.07,-1.0,-0.09,-1.24,0.03,3.89,0.3,-1.09,-0.01,-0.56,-0.12,0.64,0.26,-0.89,-0.56
53,-1.43,-2.81,1.94,-0.58,-0.75,-0.34,-0.15,-0.92,-0.04,-0.6,-0.74,-0.23,0.21,-2.27,-2.12,-0.48,-0.87,-0.17,0.25,0.42,0.37,-0.01,-1.02,-0.15,0.79,1.09,0.58,0.24,-0.86,-0.67
54,0.31,0.18,-1.15,-0.49,-0.85,-0.17,0.6,2.27,-1.78,-0.61,-0.77,-0.22,1.94,1.01,0.24,-0.12,-0.98,-0.1,-0.37,0.17,1.63,0.22,-1.08,-0.04,-0.43,0.47,0.53,0.27,-0.9,-0.57
55,-0.24,1.37,1.28,-0.38,-0.92,-0.2,-0.45,-0.26,1.4,-0.56,-0.78,-0.27,-1.23,-0.01,4.91,-0.19,-0.93,-0.12,-1.82,-0.79,3.56,0.15,-1.05,-0.13,-1.21,-0.4,0.5,0.22,-0.88,-0.54
56,-0.39,-1.09,0.03,-0.57,-0.78,-0.27,-0.23,-1.06,-0.27,-0.67,-0.72,-0.22,0.89,0.15,-1.33,-0.28,-0.91,-0.04,-0.31,0.54,0.91,0.16,-1.05,-0.06,-0.79,0.4,0.5,0.24,-0.89,-0.62
57,0.27,1.92,0.1,-0.44,-0.87,-0.21,0.07,0.94,0.63,-0.57,-0.78,-0.26,-0.48,-0.53,2.42,-0.16,-0.96,-0.11,-1.09,-0.32,3.13,0.19,-1.07,-0.1,-1.05,-0.44,0.56,0.24,-0.89,-0.61
58,-1.08,-2.32,0.93,-0.53,-0.82,-0.22,-0.47,-1.15,0.67,-0.65,-0.75,-0.2,-0.28,-0.47,0.72,-0.39,-0.91,-0.13,-0.55,-0.2,1.44,-0.01,-1.05,-0.19,-0.55,0.25,0.49,0.25,-0.9,-0.62
59,-0.22,0.47,0.15,-0.51,-0.85,-0.21,-0.17,0.63,-0.08,-0.62,-0.77,-0.23,-0.3,0.28,1.06,-0.25,-0.95,-0.12,-0.74,-0.56,1.82,0.16,-1.09,-0.07,-1.1,-0.53,0.01,0.23,-0.9,-0.59
60,-1.06,-0.82,1.0,-0.49,-0.87,-0.22,-0.92,-0.79,0.95,-0.62,-0.77,-0.21,-0.89,-0.56,1.53,-0.37,-0.91,-0.14,-1.19,-0.77,2.01,0.05,-1.07,-0.17,-0.86,-0.12,0.08,0.25,-0.89,-0.61
61,-0.66,-0.44,0.42,-0.53,-0.81,-0.24,-0.52,-0.11,-0.1,-0.64,-0.75,-0.2,-0.31,-0.16,-0.28,-0.37,-0.9,-0.15,-0.26,-0.31,0.87,0.1,-1.07,-0.14,-0.24,-0.29,0.13,0.24,-0.9,-0.6
62,-0.59,-0.4,0.31,-0.49,-0.83,-0.23,-0.55,-0.35,0.11,-0.6,-0.76,-0.22,-0.48,-0.27,1.35,-0.23,-0.94,-0.08,-0.45,-0.47,1.24,0.11,-1.08,-0.09,-1.08,-0.5,0.1,0.23,-0.88,-0.58
63,-1.47,-1.58,1.36,-0.52,-0.79,-0.26,-1.06,-0.91,0.89,-0.64,-0.72,-0.25,-0.95,-1.41,0.6,-0.44,-0.87,-0.18,-0.56,-0.98,0.81,-0.01,-1.07,-0.19,-0.54,-0.31,0.02,0.23,-0.87,-0.64
64,-0.74,-0.69,-0.08,-0.56,-0.77,-0.25,-0.43,0.2,-0.27,-0.65,-0.71,-0.24,-0.33,-0.07,0.27,-0.33,-0.92,-0.17,-0.21,-0.24,0.82,0.12,-1.07,-0.15,-0.5,-0.19,0.12,0.26,-0.88,-0.62
65,-0.75,-0.34,1.16,-0.5,-0.83,-0.26,-0.5,-0.43,0.6,-0.62,-0.75,-0.25,-0.44,-0.5,1.43,-0.35,-0.9,-0.16,-0.63,-0.4,1.74,0.09,-1.06,-0.15,-0.66,-0.3,0.44,0.24,-0.88,-0.63
66,-0.59,-0.97,0.42,-0.57,-0.78,-0.27,-0.22,-0.41,-0.17,-0.66,-0.72,-0.22,-1.95,-0.17,0.15,-0.37,-0.9,-0.14,0.03,-0.29,0.74,0.02,-1.06,-0.17,-0.34,-0.07,0.42,0.22,-0.89,-0.59
67,-0.46,-0.24,0.45,-0.52,-0.84,-0.22,-0.56,-0.33,0.51,-0.63,-0.75,-0.22,-0.53,-0.43,1.53,-0.31,-0.93,-0.12,-0.47,-0.42,1.19,0.07,-1.09,-0.14,-0.96,-0.24,0.24,0.24,-0.9,-0.63
68,-1.73,-1.52,2.77,-0.53,-0.81,-0.23,-0.89,-0.81,0.43,-0.68,-0.75,-0.22,-1.02,-1.13,1.26,-0.44,-0.89,-0.15,-0.4,-0.04,0.53,0.01,-1.06,-0.17,-0.47,0.27,0.19,0.24,-0.89,-0.64
69,-0.42,0.11,-0.24,-0.61,-0.76,-0.29,-0.4,-0.03,-0.56,-0.67,-0.72,-0.22,-0.08,0.63,-0.06,-0.39,-0.9,-0.16,0.28,0.48,0.18,0.05,-1.09,-0.18,0.08,0.16,0.23,0.24,-0.86,-0.65
70,-0.01,0.21,-0.22,-0.55,-0.79,-0.27,-0.19,-0.34,-0.18,-0.66,-0.72,-0.25,-0.25,-0.5,0.53,-0.37,-0.89,-0.17,0.15,0.33,0.66,0.07,-1.06,-0.17,0.1,0.4,0.51,0.23,-0.86,-0.6
71,0.21,-0.23,-0.69,-0.56,-0.75,-0.25,0.27,0.44,-1.15,-0.65,-0.73,-0.22,0.25,0.73,-0.32,-0.33,-0.9,-0.11,0.26,0.4,0.5,0.05,-1.06,-0.11,0.04,0.44,0.34,0.22,-0.88,-0.58
72,-0.63,0.02,0.67,-0.49,-0.83,-0.19,-0.43,0.11,0.12,-0.6,-0.77,-0.2,-0.54,0.15,1.29,-0.3,-0.93,-0.09,-0.67,-0.08,1.35,0.09,-1.07,-0.11,-0.77,-0.04,0.08,0.22,-0.88,-0.6
73,-0.62,-0.37,-0.14,-0.6,-0.75,-0.27,-0.4,-0.18,0.01,-0.64,-0.73,-0.2,-0.01,0.24,-0.4,-0.39,-0.89,-0.15,0.03,-0.08,0.5,0.06,-1.08,-0.17,-0.04,-0.16,0.14,0.21,-0.88,-0.61
74,-0.08,0.14,-0.37,-0.55,-0.79,-0.26,-0.34,0.05,-0.08,-0.63,-0.74,-0.25,-0.3,-0.16,0.77,-0.31,-0.92,-0.12,-0.44,-0.06,1.47,0.09,-1.08,-0.12,-0.74,0.13,0.32,0.21,-0.9,-0.59
75,-0.49,-0.15,0.92,-0.54,-0.81,-0.23,-0.13,0.21,0.37,-0.64,-0.73,-0.23,-0.64,-0.19,2.79,-0.32,-0.89,-0.11,-0.48,0.05,1.51,0.05,-1.08,-0.15,-0.66,0.15,0.13,0.19,-0.88,-0.62
76,-1.18,-0.57,1.81,-0.57,-0.79,-0.25,-0.92,-0.74,0.52,-0.65,-0.73,-0.21,-0.89,-0.74,1.84,-0.42,-0.88,-0.15,-0.41,-0.34,0.89,0.03,-1.07,-0.18,-0.27,-0.16,0.06,0.21,-0.88,-0.61
77,-0.66,-0.73,-0.18,-0.61,-0.75,-0.26,-0.9,-1.18,-0.31,-0.69,-0.72,-0.25,-0.31,-0.05,-0.33,-0.4,-0.88,-0.14,-0.05,0.37,0.34,0.02,-1.09,-0.16,-0.18,0.13,0.05,0.23,-0.9,-0.64
78,-0.33,0.21,0.31,-0.57,-0.79,-0.27,-0.05,0.6,-0.04,-0.66,-0.74,-0.26,-0.24,0.09,0.43,-0.38,-0.91,-0.17,-0.36,0.28,1.11,0.07,-1.09,-0.18,-0.79,0.12,0.38,0.24,-0.88,-0.63
79,-0.83,-0.57,0.6,-0.62,-0.73,-0.32,-0.82,-0.72,0.27,-0.7,-0.67,-0.26,-0.53,-0.69,0.35,-0.48,-0.84,-0.2,0.29,0.4,0.37,0.0,-1.03,-0.24,0.62,0.21,0.43,0.22,-0.85,-0.65
80,0.43,-0.01,-1.01,-0.59,-0.72,-0.27,0.89,1.47,-1.76,-0.63,-0.72,-0.21,0.35,1.04,0.11,-0.31,-0.89,-0.1,1.94,0.08,1.44,0.1,-1.06,-0.11,0.73,0.65,0.76,0.21,-0.92,-0.54
81,-0.53,-0.14,0.71,-0.53,-0.83,-0.2,-0.6,0.54,0.53,-0.56,-0.8,-0.17,-0.73,-0.54,2.55,-0.27,-0.94,-0.06,-0.82,-1.02,1.83,0.06,-1.08,-0.07,-1.02,-0.68,0.4,0.17,-0.91,-0.54
82,-1.33,-1.15,1.37,-0.57,-0.81,-0.19,-1.42,-1.63,1.31,-0.63,-0.76,-0.17,-0.89,-0.47,1.72,-0.39,-0.88,-0.07,-0.97,-0.66,1.53,0.02,-1.07,-0.12,-0.8,0.0,0.07,0.17,-0.91,-0.57
83,-1.18,-0.43,0.44,-0.62,-0.77,-0.24,-0.97,-0.07,0.66,-0.66,-0.75,-0.19,-0.61,-0.13,0.31,-0.39,-0.91,-0.1,-0.85,-0.79,0.78,-0.0,-1.1,-0.13,-1.24,-0.28,0.02,0.2,-0.91,-0.64
84,-1.72,-0.56,0.77,-0.63,-0.79,-0.24,-1.88,-1.0,1.0,-0.7,-0.74,-0.23,-1.47,-0.5,1.43,-0.44,-0.9,-0.13,-1.32,-0.63,0.89,-0.02,-1.1,-0.19,-1.21,-0.04,-0.4,0.2,-0.89,-0.68
85,-1.86,-0.38,0.59,-0.68,-0.72,-0.3,-1.8,-0.32,0.59,-0.73,-0.69,-0.25,-1.28,-0.42,-0.74,-0.57,-0.82,-0.22,-0.35,-0.04,-0.46,-0.04,-1.06,-0.32,0.4,0.3,-0.41,0.23,-0.86,-0.73
86,-0.47,0.26,-1.38,-0.65,-0.71,-0.33,-0.21,1.47,-1.73,-0.69,-0.69,-0.27,-0.14,0.6,-1.3,-0.38,-0.87,-0.2,-0.05,-0.19,0.27,0.05,-1.07,-0.22,0.83,0.57,0.15,0.24,-0.89,-0.62
87,-0.92,-0.18,0.84,-0.53,-0.76,-0.27,-0.67,-0.16,-0.4,-0.6,-0.72,-0.25,-1.02,-0.51,2.46,-0.31,-0.88,-0.14,-0.08,-0.34,0.5,0.01,-1.05,-0.17,0.06,0.07,0.27,0.22,-0.87,-0.58
88,-1.24,-1.02,0.52,-0.58,-0.72,-0.26,-0.95,-0.64,0.02,-0.63,-0.72,-0.23,-0.38,-0.14,-0.73,-0.5,-0.83,-0.17,-0.17,0.02,0.32,-0.0,-1.03,-0.18,-0.08,0.24,0.15,0.18,-0.87,-0.6
89,-0.44,0.02,-0.05,-0.59,-0.74,-0.26,-0.19,0.97,-0.38,-0.62,-0.73,-0.21,-0.53,0.15,0.68,-0.35,-0.88,-0.15,-0.37,0.31,0.7,0.03,-1.07,-0.15,-0.73,0.15,0.13,0.22,-0.88,-0.57
90,-0.92,-0.25,1.22,-0.56,-0.75,-0.26,-0.93,-0.58,0.99,-0.63,-0.72,-0.24,-0.89,0.04,2.56,-0.37,-0.88,-0.17,-0.53,0.15,0.95,-0.0,-1.06,-0.23,-0.92,-0.07,0.27,0.21,-0.88,-0.61
91,-0.52,-0.96,-0.52,-0.7,-0.65,-0.36,-0.56,-0.82,-0.37,-0.72,-0.66,-0.25,0.73,0.89,-1.94,-0.51,-0.83,-0.17,0.44,0.03,0.24,-0.05,-1.03,-0.22,0.32,0.12,0.6,0.2,-0.88,-0.61
92,0.15,0.03,-0.18,-0.55,-0.77,-0.23,0.44,1.4,-0.63,-0.63,-0.74,-0.22,-0.5,-0.56,1.38,-0.35,-0.9,-0.11,-0.31,-0.35,1.37,0.04,-1.09,-0.12,-0.37,-0.27,0.53,0.18,-0.92,-0.55
93,-1.16,-1.14,1.24,-0.6,-0.78,-0.21,-1.1,-1.51,0.72,-0.63,-0.76,-0.22,-0.95,-0.92,1.71,-0.45,-0.88,-0.14,-0.45,-0.07,0.78,0.01,-1.08,-0.18,-0.82,0.05,0.18,0.22,-0.9,-0.6
94,-0.51,-0.44,-0.4,-0.69,-0.68,-0.34,-0.6,-0.37,-0.18,-0.72,-0.69,-0.27,0.3,0.95,-0.73,-0.46,-0.86,-0.21,0.16,0.32,0.31,0.02,-1.08,-0.25,-0.13,0.56,0.5,0.24,-0.9,-0.68
95,0.19,0.15,0.04,-0.61,-0.72,-0.34,0.43,0.65,-0.05,-0.66,-0.71,-0.3,0.15,0.15,1.02,-0.4,-0.88,-0.21,0.11,0.26,1.14,0.05,-1.07,-0.25,-0.55,0.27,1.0,0.25,-0.89,-0.62
96,0.09,-0.3,1.08,-0.62,-0.72,-0.34,-0.24,-1.06,0.82,-0.69,-0.67,-0.29,-0.08,-0.69,0.98,-0.57,-0.8,-0.26,0.15,1.4,1.08,-0.02,-1.04,-0.27,-0.5,1.16,1.49,0.23,-0.84,-0.64
97,1.15,0.24,-0.46,-0.69,-0.62,-0.33,1.44,1.17,-1.1,-0.71,-0.63,-0.24,1.59,1.79,-1.22,-0.48,-0.8,-0.17,1.05,1.86,0.42,-0.04,-1.02,-0.2,0.76,1.7,1.4,0.17,-0.87,-0.59
98,1.53,1.15,-0.15,-0.56,-0.76,-0.21,1.88,2.26,-0.78,-0.62,-0.75,-0.17,0.87,1.82,0.71,-0.33,-0.93,-0.05,-0.03,1.47,0.78,-0.02,-1.1,-0.07,-1.44,0.97,0.79,0.15,-0.93,-0.5
99,0.55,1.17,-0.01,-0.64,-0.76,-0.19,-0.18,0.06,1.0,-0.67,-0.76,-0.16,0.36,1.35,-0.92,-0.52,-0.85,-0.14,0.07,1.92,-0.18,-0.08,-1.06,-0.17,-0.55,1.03,0.43,0.12,-0.92,-0.64
100,1.31,1.29,-1.59,-0.68,-0.76,-0.2,1.15,2.58,-1.4,-0.69,-0.79,-0.13,0.01,1.32,-1.05,-0.43,-0.91,-0.05,-0.3,1.16,-0.56,-0.05,-1.13,-0.1,-0.45,1.18,-0.39,0.14,-0.97,-0.58
101,0.2,1.66,-1.58,-0.63,-0.83,-0.18,-1.11,0.35,-0.14,-0.66,-0.8,-0.16,-1.24,0.31,-0.31,-0.46,-0.91,-0.11,-0.59,0.24,-0.62,-0.06,-1.11,-0.22,0.09,0.15,-0.88,0.15,-0.92,-0.61
102,-0.76,-0.76,-2.05,-0.69,-0.69,-0.27,-1.12,-0.38,-2.11,-0.7,-0.73,-0.19,-0.34,0.08,-2.91,-0.49,-0.85,-0.14,0.59,-0.6,-1.56,-0.03,-1.05,-0.16,1.51,0.18,-1.15,0.16,-0.9,-0.58
103,-1.32,-0.69,-1.31,-0.56,-0.76,-0.21,-1.3,0.46,-2.31,-0.61,-0.74,-0.21,-1.43,-0.73,-0.19,-0.33,-0.88,-0.15,0.02,-0.96,-0.5,0.06,-1.07,-0.15,1.12,-0.53,-0.95,0.19,-0.9,-0.55
104,-1.43,-1.05,-1.64,-0.56,-0.76,-0.25,-1.27,-0.27,-1.56,-0.54,-0.77,-0.19,-1.08,-1.14,-0.7,-0.32,-0.88,-0.1,0.16,-1.55,-0.15,0.08,-1.05,-0.09,0.83,-0.9,-0.97,0.17,-0.89,-0.47
105,-1.51,-0.95,-1.64,-0.56,-0.78,-0.21,-0.03,-1.27,-0.63,-0.53,-0.79,-0.22,-1.28,-1.52,-0.69,-0.36,-0.89,-0.14,-0.18,-1.63,-0.15,0.05,-1.06,-0.13,-0.22,-1.45,-1.04,0.2,-0.92,-0.56
106,-1.84,-1.3,-0.39,-0.54,-0.79,-0.26,-2.0,-1.32,0.24,-0.58,-0.76,-0.24,-1.68,-1.66,1.5,-0.32,-0.9,-0.17,-0.82,-1.45,0.92,0.07,-1.07,-0.18,-1.31,-1.31,-0.68,0.26,-0.89,-0.57
107,-1.82,-1.48,0.44,-0.61,-0.71,-0.37,-2.01,-2.42,1.03,-0.65,-0.7,-0.31,-0.51,-1.31,-0.19,-0.49,-0.83,-0.28,0.17,-1.24,0.35,-0.03,-1.06,-0.32,-0.41,-1.38,-0.07,0.22,-0.86,-0.7
108,-0.37,-1.08,-0.37,-0.6,-0.71,-0.32,-0.43,-0.44,-0.4,-0.68,-0.68,-0.29,-0.26,-1.02,0.31,-0.45,-0.85,-0.23,0.48,-0.64,0.64,-0.03,-1.07,-0.26,-0.1,-0.76,0.47,0.23,-0.87,-0.61
109,-0.39,-1.08,0.22,-0.62,-0.7,-0.31,-0.56,-1.27,0.05,-0.68,-0.69,-0.26,-0.06,-0.82,0.37,-0.46,-0.83,-0.19,0.32,0.05,0.71,-0.03,-1.05,-0.21,-0.02,-0.11,0.49,0.22,-0.88,-0.61
110,0.11,-0.51,-0.53,-0.65,-0.7,-0.29,0.4,0.58,-0.75,-0.66,-0.7,-0.24,0.27,0.34,-0.28,-0.44,-0.87,-0.13,0.18,0.41,0.4,-0.0,-1.07,-0.16,-0.39,0.34,0.26,0.2,-0.9,-0.58
111,-0.32,-0.02,0.18,-0.59,-0.76,-0.24,-0.33,0.17,0.34,-0.62,-0.74,-0.23,-0.38,0.2,0.92,-0.39,-0.88,-0.15,-0.47,0.2,0.84,0.0,-1.07,-0.18,-0.89,0.18,0.08,0.21,-0.9,-0.58
112,-0.66,-0.08,0.54,-0.6,-0.74,-0.27,-0.44,0.16,0.27,-0.65,-0.71,-0.25,-0.24,0.34,-0.08,-0.47,-0.85,-0.2,-1.95,0.77,0.34,-0.01,-1.06,-0.21,-0.5,0.47,0.36,0.21,-0.89,-0.6
113,0.21,0.41,-0.18,-0.59,-0.74,-0.29,0.11,0.57,0.05,-0.63,-0.74,-0.26,0.02,0.34,0.56,-0.38,-0.89,-0.18,-0.05,0.64,0.95,0.03,-1.08,-0.2,-0.73,0.29,0.6,0.22,-0.9,-0.59
