Time,Gx0,Gy0,Gz0,Ax0,Ay0,Az0,Gx1,Gy1,Gz1,Ax1,Ay1,Az1,Gx2,Gy2,Gz2,Ax2,Ay2,Az2,Gx3,Gy3,Gz3,Ax3,Ay3,Az3,Gx4,Gy4,Gz4,Ax4,Ay4,Az4,
0,-0.34,-0.49,-0.86,-0.48,-0.41,-0.86,-0.18,-0.12,-0.82,-0.26,-0.38,-1.01,-0.32,0.17,-0.56,-0.76,-0.34,-0.65,0.3,0.07,-0.31,-0.29,-0.68,-0.88,0.24,0.02,0.21,0.32,-0.77,-0.75
1,-0.15,-0.49,-0.86,-0.44,-0.47,-0.8,-0.47,-0.41,-0.76,-0.23,-0.42,-0.94,-0.73,-0.43,0.18,-0.68,-0.41,-0.65,-0.56,-0.46,0.39,-0.24,-0.72,-0.8,-0.8,-0.5,-0.4,0.28,-0.77,-0.73
2,-1.6,-0.24,-0.12,-0.45,-0.47,-0.81,-1.62,-0.6,-0.07,-0.22,-0.4,-0.97,-1.09,-0.6,0.93,-0.72,-0.37,-0.64,-1.34,-0.59,0.63,-0.28,-0.7,-0.89,-1.82,-0.66,-0.61,0.31,-0.77,-0.75
3,-1.92,-0.56,-0.04,-0.48,-0.42,-0.84,-1.93,-0.99,-0.52,-0.29,-0.38,-0.99,-1.34,-0.85,0.63,-0.77,-0.31,-0.62,-0.83,-0.76,0.17,-0.3,-0.66,-0.86,-1.32,-0.73,-0.12,0.29,-0.75,-0.77
4,-1.54,-0.27,-0.75,-0.48,-0.43,-0.83,-1.66,-0.3,-0.89,-0.25,-0.4,-0.97,-1.4,-0.4,0.41,-0.75,-0.35,-0.62,-1.2,-0.44,-0.01,-0.3,-0.67,-0.86,-1.04,-0.57,-0.6,0.29,-0.77,-0.76
5,-1.37,-0.52,-0.53,-0.46,-0.42,-0.87,-1.15,-0.52,-0.51,-0.24,-0.37,-1.02,-0.65,-0.41,0.2,-0.75,-0.33,-0.64,-0.65,-0.11,0.64,-0.29,-0.68,-0.86,-1.14,0.11,-0.22,0.29,-0.78,-0.76
6,-0.9,0.63,1.95,-0.5,-0.43,-0.82,-1.27,0.47,0.01,-0.28,-0.39,-1.0,-0.69,0.39,0.84,-0.78,-0.37,-0.59,-0.96,0.49,0.31,-0.35,-0.69,-0.86,-1.28,0.27,-0.47,0.27,-0.77,-0.82
7,-1.42,0.73,-0.69,-0.52,-0.45,-0.77,-2.15,-0.1,-1.24,-0.32,-0.45,-0.93,-2.19,-0.7,0.69,-0.8,-0.39,-0.55,-1.09,-0.86,-0.53,-0.36,-0.72,-0.86,-0.78,-0.99,-0.47,0.23,-0.79,-0.84
8,-4.01,1.24,-1.42,-0.63,-0.47,-0.82,-4.02,-1.66,-2.98,-0.4,-0.47,-0.93,-2.64,-2.36,0.66,-0.84,-0.4,-0.53,-1.89,-1.14,-1.88,-0.45,-0.75,-0.76,-0.47,-1.17,-0.6,0.14,-0.81,-0.81
9,-4.39,1.29,-2.7,-0.69,-0.42,-0.77,-4.5,0.53,-4.18,-0.4,-0.51,-0.86,-5.87,1.44,3.72,-0.76,-0.51,-0.3,-2.75,-0.11,-2.66,-0.49,-0.77,-0.74,-0.89,-0.43,-0.11,0.12,-0.86,-0.82
10,-10.48,8.35,-7.37,-0.74,-0.54,-0.26,-16.61,4.02,-11.26,-0.67,-0.62,-0.48,-24.53,0.82,26.44,-0.19,-0.83,0.22,-7.53,-2.44,-3.61,-0.48,-0.84,-0.7,-2.34,-0.45,1.91,0.11,-0.81,-0.89
11,-36.34,12.68,-13.32,-0.56,-0.69,-0.1,-43.05,7.93,-22.75,-0.44,-0.72,-0.6,-41.82,2.39,30.76,-0.91,-0.36,-0.23,-18.57,-13.76,-9.27,-0.51,-0.87,-0.69,-1.42,-1.24,-6.36,-0.17,-0.86,-0.74
12,-45.98,8.56,-10.94,-0.52,-0.15,-0.74,-44.24,2.27,-20.43,-0.34,-0.17,-0.87,-45.57,9.54,38.94,-0.69,0.04,-0.26,-25.41,-19.21,-4.52,-0.49,-1.05,-0.46,-2.18,-0.25,-10.02,-0.04,-0.94,-0.72
13,-53.94,19.24,-8.03,-0.57,0.07,-0.73,-56.99,10.21,-21.95,-0.41,0.05,-0.96,-47.3,15.14,47.57,-0.64,0.4,-0.48,-23.46,-3.88,1.47,-0.45,-0.87,-0.36,-3.31,8.27,-10.06,0.01,-0.86,-0.59
14,-51.27,19.58,-3.15,-0.3,0.31,-1.09,-54.74,4.99,-9.42,-0.01,0.44,-1.16,-37.09,22.08,35.37,-1.21,0.87,-0.85,-30.18,-1.05,12.07,0.04,-0.62,-0.39,-6.12,8.23,-9.6,0.26,-0.77,-0.69
15,-37.88,16.67,4.69,0.19,0.39,-1.21,-40.79,-4.01,3.82,-0.0,0.68,-1.07,-25.73,9.61,27.63,-0.43,0.9,-0.74,-20.94,-1.43,8.64,-0.6,-0.11,-1.64,-7.41,8.76,-8.99,0.53,-0.83,-0.65
16,-32.66,7.83,5.47,0.1,0.58,-1.06,-33.65,-10.73,3.03,0.05,0.8,-0.85,-26.52,1.76,23.34,-0.3,1.09,-0.78,-9.96,5.02,3.89,-0.06,-0.34,-1.22,-7.84,6.35,-8.01,0.64,-0.71,-0.77
17,-27.37,2.34,3.31,0.16,0.75,-1.15,-29.47,-8.94,2.23,0.09,0.95,-1.04,-22.65,0.78,18.82,-0.33,1.2,-0.78,-12.1,5.62,2.92,-0.44,-0.18,-1.07,-4.62,8.25,-6.6,0.74,-0.77,-0.83
18,-21.13,8.27,4.85,0.29,0.85,-1.18,-21.78,-2.5,4.04,0.09,1.07,-0.94,-13.8,3.3,15.94,-0.07,1.22,-0.68,-8.25,3.03,6.64,-0.08,-0.22,-1.5,-0.08,6.56,1.09,0.89,-0.97,-0.44
19,-19.73,5.79,0.89,0.4,0.86,-1.02,-22.35,-2.56,3.33,0.33,0.96,-0.84,-19.26,1.0,16.49,0.03,1.02,-0.81,-3.18,1.61,5.27,-0.02,-0.43,-1.34,-7.24,4.73,-2.53,0.63,-0.91,-0.3
20,-20.86,4.0,-0.44,0.43,0.63,-1.0,-21.34,-6.47,-0.42,0.31,0.85,-0.73,-19.67,-4.53,12.27,0.05,0.96,-0.72,-5.21,-2.3,7.91,0.13,-0.33,-1.39,-14.85,2.44,-3.29,0.79,-0.93,-0.34
21,-22.01,-6.24,-0.85,0.42,0.76,-0.76,-18.77,-13.89,-2.16,0.16,1.04,-0.53,-20.47,-9.49,11.24,0.14,1.09,-0.34,-5.87,-2.76,11.79,-0.08,-0.28,-0.85,-16.52,6.37,2.1,0.65,-0.55,-0.59
22,-22.76,-1.98,-1.45,0.16,0.77,-0.47,-23.19,-9.56,-1.47,-0.0,0.83,-0.29,-25.24,-4.12,14.02,0.17,0.73,-0.06,-10.61,-1.66,12.7,-0.01,0.01,-0.7,-19.02,6.53,-0.84,0.61,-0.21,-0.51
23,-26.37,-0.37,-4.22,0.34,0.7,-0.11,-23.03,-11.04,-3.02,0.11,0.71,0.15,-20.47,-8.5,8.69,0.48,0.6,0.01,-10.38,-2.34,15.88,0.01,0.54,-0.83,-20.1,10.94,-3.88,0.74,0.24,-0.44
24,-16.73,-11.15,6.61,0.31,0.87,0.7,-14.66,-18.18,4.27,-0.17,0.74,0.98,-13.15,-13.79,9.38,0.66,0.38,0.97,-9.5,0.2,16.53,-0.4,1.41,-0.7,-16.45,11.35,-2.97,1.01,1.0,-1.2
25,-11.82,-6.92,5.7,-0.28,1.2,1.1,-8.04,-8.81,3.93,-0.66,0.84,1.22,-4.31,-5.04,4.53,0.56,0.57,1.63,-2.34,2.13,6.14,-0.93,1.84,-0.76,-1.63,5.76,1.03,1.06,1.09,-1.67
26,1.95,-1.31,4.77,-0.46,1.35,1.0,4.44,-0.57,5.43,-0.79,0.92,1.07,9.52,-0.8,-0.44,0.3,0.62,1.39,4.98,5.66,-2.11,-0.93,1.35,-0.61,11.31,0.98,-0.27,0.64,0.71,-1.47
27,11.62,5.02,5.75,-0.55,1.05,0.59,8.99,8.03,4.78,-0.73,0.71,0.57,12.31,5.74,-1.44,0.07,0.59,0.92,4.36,6.63,-8.35,-0.76,0.67,-0.55,15.85,-1.37,-3.95,0.4,0.27,-1.06
28,13.5,8.02,5.28,-0.3,0.95,0.09,12.22,10.76,8.38,-0.51,0.85,0.12,19.19,5.6,-1.45,-0.03,0.89,0.45,4.96,11.87,-10.47,-0.65,0.4,-0.69,18.27,0.45,-8.47,0.43,0.02,-0.97
29,24.35,6.21,12.59,-0.17,0.98,-0.35,23.51,11.94,13.69,-0.39,0.96,-0.27,39.06,5.21,-9.27,-0.17,1.12,-0.03,6.29,17.79,-15.6,-0.53,0.37,-0.84,24.98,4.07,-13.15,0.56,-0.15,-0.69
30,41.24,5.16,16.12,0.01,1.01,-0.47,40.17,17.92,15.77,-0.15,0.98,-0.3,51.66,9.67,-13.29,-0.02,1.03,-0.18,7.69,26.43,-18.95,-0.13,0.11,-0.75,27.17,11.34,-16.8,0.72,-0.26,-0.38
31,52.02,6.13,7.21,0.22,1.0,-0.94,38.44,25.34,-7.8,0.02,0.92,-0.39,58.34,26.69,-40.01,-0.56,1.28,-0.35,11.56,31.5,-23.41,0.44,0.02,-1.04,25.77,14.1,-16.83,1.05,-0.32,0.12
32,63.18,27.79,-13.07,0.48,0.61,-1.02,43.66,40.4,5.96,0.94,0.8,-1.0,57.85,30.91,-43.92,0.74,0.99,-0.68,16.4,39.81,-18.41,1.1,-0.28,-0.92,14.53,14.82,-14.59,1.29,-0.56,0.5
33,62.34,18.41,-2.61,1.14,0.2,-0.42,51.81,39.73,32.66,1.17,1.11,-0.88,41.86,23.64,-31.16,1.06,0.12,-1.06,4.1,33.13,-11.15,1.53,-0.51,-0.97,5.71,9.13,-19.09,1.47,-0.43,0.62
34,33.05,3.7,6.92,1.44,-0.56,0.14,33.83,5.58,17.19,1.2,-0.03,0.57,27.2,5.27,-12.02,1.48,-0.11,-1.24,1.24,15.98,4.81,1.84,-0.4,-0.6,-4.25,6.63,-17.72,1.33,-0.2,0.69
35,12.24,-9.49,8.31,1.62,-0.63,-0.33,11.47,-4.71,14.9,1.72,-0.02,-0.44,18.24,-3.98,-2.76,1.07,0.09,-1.47,-0.31,-1.79,11.9,1.66,-0.17,-0.76,-11.84,2.6,-15.77,1.53,0.05,0.67
36,6.3,-5.18,16.37,1.35,-0.43,-0.52,7.89,-8.1,21.11,1.51,-0.11,-0.39,16.24,-4.26,8.39,0.97,0.12,-1.19,-7.0,3.24,21.08,1.43,-0.06,-0.56,-20.88,0.65,-11.27,1.19,0.42,0.46
37,1.92,-3.64,19.44,1.19,-0.31,-0.41,-3.62,-5.53,22.31,1.15,-0.08,-0.29,10.18,-7.83,14.91,0.88,0.23,-1.04,-7.36,-6.4,20.37,1.3,0.2,-0.65,-24.74,-7.01,-5.36,1.2,0.6,0.35
38,-5.79,-3.75,21.15,1.23,-0.08,-0.76,-9.31,-7.99,21.57,1.22,0.21,-0.64,7.6,-6.94,23.28,0.74,0.37,-1.02,-12.29,-4.62,24.19,1.11,0.26,-0.46,-28.25,-6.4,-5.77,0.96,0.76,0.33
39,-11.07,2.79,22.31,0.97,0.01,-0.52,-14.53,-3.44,21.58,0.87,0.18,-0.44,-0.15,-6.77,26.79,0.48,0.51,-0.92,-13.56,-7.46,20.74,0.86,0.4,-0.7,-25.15,-10.37,-2.82,0.79,0.75,0.05
40,-14.05,-3.4,19.6,0.94,0.19,-0.81,-15.82,-8.58,18.17,0.88,0.48,-0.79,1.83,-10.03,23.56,0.33,0.7,-1.07,-10.65,-6.21,21.57,0.83,0.48,-0.76,-24.95,-7.76,0.59,0.8,0.83,0.04
41,-13.52,2.0,18.81,0.64,0.31,-0.79,-15.98,-4.17,17.05,0.64,0.42,-0.62,-3.02,-6.9,25.98,0.07,0.66,-0.91,-12.8,-5.02,19.71,0.58,0.48,-0.88,-25.24,-6.39,2.54,0.84,0.81,-0.14
42,-13.61,-2.08,17.61,0.75,0.35,-1.02,-15.6,-7.85,14.39,0.72,0.59,-0.95,0.35,-10.47,22.34,-0.01,0.73,-1.04,-9.02,-6.98,20.5,0.49,0.52,-1.12,-24.88,-7.24,7.91,0.9,0.78,-0.1
43,-10.39,-3.65,17.02,0.63,0.35,-0.89,-13.9,-11.12,12.14,0.44,0.51,-0.81,-0.47,-13.08,23.31,-0.06,0.67,-0.89,-6.53,-11.72,20.66,0.44,0.39,-0.86,-22.48,-4.45,9.12,0.75,0.61,-0.23
44,-17.74,-6.06,14.73,0.28,0.28,-0.74,-18.9,-16.31,5.9,0.33,0.43,-0.74,-9.03,-13.66,26.56,-0.24,0.65,-1.0,-16.24,-9.91,21.47,0.38,0.2,-0.81,-24.18,-4.11,11.29,0.65,0.37,-0.19
45,-16.6,-7.8,18.43,0.34,0.29,-1.07,-12.69,-16.73,10.52,0.2,0.47,-0.93,-2.9,-8.58,26.72,-0.13,0.5,-0.73,-17.29,-4.95,23.84,0.25,0.26,-0.96,-31.89,1.05,15.37,1.0,0.46,-0.13
46,-23.86,-3.64,15.15,0.12,0.22,-0.21,-25.31,-17.72,5.79,0.02,0.47,-0.34,-21.62,-16.11,39.61,0.13,0.48,-0.08,-37.96,-21.14,22.52,0.08,0.51,-0.48,-25.12,-3.76,11.21,0.82,0.41,-0.54
47,-44.79,-7.47,11.15,-0.06,0.76,-0.96,-37.41,-25.53,-2.26,-0.23,0.9,-1.09,-27.53,-14.65,35.56,-0.47,1.3,-0.65,-38.6,-17.28,17.34,-0.13,0.91,-1.09,-21.08,0.51,10.53,0.85,0.39,-0.71
48,-25.47,-0.63,6.4,-0.42,0.9,-1.48,-23.33,-18.7,4.89,-0.9,0.54,-1.06,-14.41,3.44,18.02,-1.19,1.23,-0.92,-19.53,-7.81,6.15,-0.43,0.81,-1.58,-8.21,-0.07,-5.4,1.28,0.37,-0.28
49,-9.15,-4.92,8.7,-0.14,0.94,-0.8,-2.62,-14.53,12.82,-0.54,0.96,-1.04,-2.05,-3.5,8.82,-0.69,1.13,-0.55,-7.42,-2.31,6.86,-0.27,0.91,-1.03,-9.76,0.39,-3.51,1.09,0.36,-0.89
50,-2.51,-5.01,5.61,-0.28,0.8,-1.23,-0.79,-8.49,5.46,-0.73,0.88,-0.81,-0.04,-1.71,3.17,-0.55,1.18,-0.45,-1.24,-0.4,3.08,-0.28,0.84,-0.96,-3.4,0.15,-0.29,1.12,0.25,-0.67
51,-0.5,-0.06,1.49,-0.16,0.75,-0.91,0.3,-3.27,2.48,-0.56,0.75,-0.68,-0.84,-0.45,1.72,-0.43,0.95,-0.41,-1.82,0.59,1.14,-0.21,0.69,-0.86,-1.03,-0.08,-1.21,1.09,0.23,-0.58
52,-1.5,-0.8,-0.47,0.0,0.74,-0.95,-1.06,-1.34,1.9,-0.45,0.8,-0.78,-1.17,-1.38,1.94,-0.36,0.97,-0.57,-0.33,-0.46,0.02,-0.06,0.66,-1.0,-0.34,-0.81,-0.01,1.12,0.1,-0.49
53,-0.69,-0.49,-0.65,0.06,0.64,-1.03,-0.7,0.46,-0.7,-0.38,0.72,-0.85,-0.49,-0.27,-0.42,-0.3,0.88,-0.61,0.1,-0.22,-1.03,0.01,0.58,-0.96,0.99,-1.27,-1.15,1.06,0.1,-0.44
54,-1.27,-1.04,-2.75,0.12,0.58,-0.96,-2.01,-0.19,-2.63,-0.31,0.71,-0.85,-1.88,-0.48,-2.23,-0.24,0.9,-0.7,0.31,-0.98,-2.15,0.1,0.57,-1.02,1.69,-1.94,-0.08,1.09,0.05,-0.37
55,-0.24,-1.06,-2.03,0.1,0.54,-0.97,-1.69,0.47,-4.44,-0.32,0.65,-0.8,-2.56,-1.4,-3.54,-0.24,0.85,-0.65,0.84,-2.43,-3.99,0.1,0.56,-0.97,3.21,-3.46,-1.07,1.04,0.11,-0.3
56,-0.27,-0.84,-6.06,0.17,0.56,-1.0,-3.68,5.21,-7.36,-0.07,0.78,-0.89,-4.34,-0.97,-4.79,-0.21,0.89,-0.59,1.51,-1.36,-8.18,0.02,0.66,-0.96,4.62,-7.5,0.38,1.12,0.25,-0.27
