Time,Gx0,Gy0,Gz0,Ax0,Ay0,Az0,Gx1,Gy1,Gz1,Ax1,Ay1,Az1,Gx2,Gy2,Gz2,Ax2,Ay2,Az2,Gx3,Gy3,Gz3,Ax3,Ay3,Az3,Gx4,Gy4,Gz4,Ax4,Ay4,Az4,
0,-0.05,0.04,-0.24,-0.71,0.59,-0.33,-0.44,0.18,-0.64,-0.81,0.54,-0.1,0.1,-0.22,0.16,-0.64,0.74,-0.12,0.07,-0.45,0.53,-0.9,0.21,-0.38,-0.65,-0.07,0.58,-0.26,0.24,-1.09
1,-0.33,-0.42,-0.11,-0.72,0.61,-0.31,-0.5,0.29,-0.9,-0.82,0.54,-0.09,0.12,0.06,0.24,-0.65,0.74,-0.12,0.04,0.73,0.76,-0.9,0.23,-0.36,-0.47,0.88,0.68,-0.23,0.26,-1.09
2,0.13,0.37,-0.25,-0.7,0.61,-0.33,-0.46,0.2,-0.95,-0.83,0.52,-0.1,0.26,-0.08,0.29,-0.66,0.73,-0.14,0.41,0.15,0.56,-0.9,0.22,-0.38,-0.47,-0.07,0.54,-0.22,0.25,-1.1
3,-0.09,-0.29,0.02,-0.72,0.59,-0.33,-0.34,-0.48,1.44,-0.84,0.53,-0.1,-0.08,-0.18,0.23,-0.66,0.74,-0.14,0.17,-0.41,0.25,-0.92,0.22,-0.37,-0.81,-0.6,0.43,-0.23,0.27,-1.1
4,-0.66,-0.4,0.02,-0.71,0.61,-0.3,-0.35,-0.58,0.67,-0.82,0.54,-0.09,-0.32,-0.18,0.2,-0.66,0.75,-0.12,-0.05,0.02,0.54,-0.91,0.23,-0.36,-0.52,0.18,0.38,-0.23,0.27,-1.09
5,-0.17,-0.06,-0.31,-0.71,0.59,-0.3,-0.56,0.06,-0.38,-0.8,0.54,-0.08,0.02,0.02,0.26,-0.64,0.76,-0.11,0.29,0.11,0.18,-0.9,0.23,-0.36,-0.41,-0.15,0.08,-0.22,0.26,-1.11
6,-0.17,-0.37,-0.67,-0.7,0.6,-0.32,-0.52,0.15,-0.37,-0.83,0.54,-0.1,-0.16,-0.17,0.0,-0.64,0.75,-0.12,0.19,-0.69,-0.3,-0.9,0.23,-0.37,-0.61,-0.89,-0.44,-0.22,0.27,-1.1
7,-0.6,-0.67,-0.82,-0.7,0.61,-0.33,-0.66,0.47,-0.82,-0.83,0.54,-0.08,-0.24,-0.21,-0.05,-0.64,0.72,-0.1,0.19,-0.45,-0.36,-0.9,0.22,-0.35,-0.12,-0.77,-0.72,-0.25,0.26,-1.09
8,-0.49,-0.51,-0.76,-0.72,0.59,-0.34,-0.55,-0.4,0.54,-0.83,0.53,-0.1,-0.28,-0.12,0.15,-0.65,0.73,-0.13,0.57,-1.2,-0.94,-0.9,0.21,-0.37,-0.82,-2.01,-0.49,-0.25,0.25,-1.1
9,-0.85,-1.08,-0.73,-0.72,0.6,-0.31,-0.44,-0.78,0.87,-0.82,0.56,-0.08,-1.02,-0.79,-0.29,-0.63,0.75,-0.13,0.0,-0.44,0.12,-0.93,0.22,-0.35,-0.79,-0.18,0.37,-0.27,0.26,-1.09
10,-0.51,-0.83,-0.24,-0.72,0.6,-0.29,-0.49,0.02,-0.39,-0.81,0.54,-0.09,0.02,0.01,0.22,-0.65,0.74,-0.12,0.14,0.24,0.4,-0.91,0.21,-0.35,-0.5,0.37,0.47,-0.25,0.26,-1.09
11,1.95,0.09,-0.41,-0.71,0.59,-0.31,-0.53,-0.02,-0.17,-0.82,0.54,-0.09,1.93,-0.2,0.05,-0.65,0.74,-0.13,0.15,-0.54,0.02,-0.9,0.22,-0.36,-0.66,-0.78,-0.17,-0.24,0.27,-1.1
12,-0.61,-0.8,-0.53,-0.72,0.58,-0.31,-0.57,-0.2,0.12,-0.82,0.54,-0.1,-0.34,-0.4,-0.11,-0.65,0.75,-0.12,0.17,-0.63,-0.21,-0.92,0.21,-0.35,-0.65,-0.79,-0.17,-0.26,0.27,-1.09
13,-0.54,-0.83,-0.63,-0.7,0.6,-0.29,-0.5,0.11,-0.36,-0.8,0.54,-0.09,-0.23,1.89,0.14,-0.65,0.74,-0.13,-1.95,0.25,0.37,-0.91,0.21,-0.35,-0.43,0.31,0.39,-0.28,0.26,-1.1
14,-0.06,-0.14,-0.14,-0.73,0.59,-0.3,-0.4,-0.04,-0.4,-0.82,0.53,-0.09,-0.22,0.1,0.21,-0.65,0.74,-0.12,-0.15,0.59,0.6,-0.9,0.21,-0.35,-0.54,0.5,0.24,-0.24,0.27,-1.1
15,-0.41,-0.06,-0.01,-0.72,0.6,-0.31,-0.44,0.08,-0.36,-0.82,0.52,-0.09,-0.27,0.02,0.11,-0.65,0.75,-0.12,-0.2,0.27,0.3,-0.9,0.23,-0.34,-0.44,-0.08,-0.19,-0.23,0.28,-1.08
16,-0.56,-0.32,-0.23,-0.72,0.6,-0.31,-0.42,-0.21,0.14,-0.83,0.53,-0.09,-0.35,0.0,0.08,-0.65,0.75,-0.12,-0.15,-0.15,0.2,-0.91,0.21,-0.36,-0.47,-0.34,-0.21,-0.25,0.26,-1.09
17,-0.66,-0.34,-0.15,-0.72,0.59,-0.3,-0.34,-0.55,0.41,-0.82,0.52,-0.09,-0.52,-0.02,0.18,-0.66,0.75,-0.11,-0.31,0.17,0.48,-0.91,0.21,-0.35,-0.45,0.07,-0.05,-0.26,0.27,-1.09
18,-0.5,-0.17,-0.13,-0.72,0.58,-0.3,-0.42,-0.15,-0.04,-0.82,0.54,-0.08,-0.33,0.01,0.17,-0.65,0.74,-0.12,-0.11,0.44,0.51,-0.91,0.21,-0.35,-0.34,0.38,0.16,-0.25,0.26,-1.09
19,-0.27,-0.1,-0.19,-0.71,0.6,-0.3,-0.42,-0.15,-0.01,-0.81,0.53,-0.09,-0.31,-0.11,0.15,-0.65,0.75,-0.12,1.95,0.02,0.32,-0.89,0.21,-0.35,-0.44,0.08,0.21,-0.25,0.27,-1.09
20,-0.31,-0.27,-0.23,-0.7,0.6,-0.29,-0.5,0.05,-0.36,-0.81,0.54,-0.08,-0.19,0.0,0.14,-0.65,0.74,-0.09,0.08,0.52,0.39,-0.91,0.21,-0.35,-0.23,0.33,0.08,-0.25,0.26,-1.1
21,-0.3,-0.1,-0.25,-0.71,0.6,-0.31,-0.52,0.02,-0.24,-0.82,0.54,-0.09,-0.27,-0.05,-0.01,-0.64,0.74,-0.12,0.02,0.04,0.18,-0.9,0.21,-0.35,-0.37,-0.09,-0.04,-0.25,0.27,-1.09
22,-0.38,-0.25,-0.27,-0.72,0.61,-0.29,-0.44,-0.1,-0.15,-0.81,0.54,-0.09,-0.21,-0.02,0.05,-0.66,0.75,-0.14,-0.08,0.25,0.46,-0.91,0.21,-0.34,-0.43,0.26,0.17,-0.25,0.27,-1.09
23,-0.24,-0.07,-0.23,-0.71,0.58,-0.3,-0.49,-0.08,-0.11,-0.82,0.54,-0.08,-0.19,0.02,1.94,-0.64,0.74,-0.12,0.04,-0.11,0.08,-0.91,0.21,-0.35,-0.47,-0.23,-0.15,-0.24,0.27,-1.09
24,-0.43,-0.33,-0.39,-0.71,0.6,-0.28,-0.53,0.1,-0.43,-0.82,0.54,-0.09,-0.19,0.01,0.0,-0.65,0.75,-0.12,0.06,-0.03,0.09,-0.89,0.21,-0.35,-0.44,-0.17,-0.15,-0.26,0.28,-1.1
25,-0.44,-0.31,-0.37,-0.72,0.6,-0.31,-0.42,-0.3,0.26,-0.82,0.54,-0.09,-0.35,-0.21,-0.11,-0.64,0.75,-0.12,-0.16,-0.58,-0.03,-0.91,0.21,-0.36,-0.88,-0.91,-0.63,-0.24,0.27,-1.11
26,-1.1,-1.02,-0.63,-0.7,0.59,-0.31,-0.61,-0.6,0.71,-0.82,0.55,-0.11,-2.03,-1.08,-0.79,-0.66,0.77,-0.14,-0.63,-1.61,-1.64,-0.92,0.23,-0.32,-2.31,-3.5,-0.01,-0.25,0.29,-1.08
27,-2.42,-3.42,-1.84,-0.73,0.61,-0.25,-4.24,4.55,-0.16,-0.73,0.61,-0.04,-5.65,-0.39,-0.7,-0.75,0.9,-0.23,-6.11,-9.1,-3.69,-0.9,0.22,-0.35,-6.02,-2.26,2.65,-0.31,0.34,-1.2
28,-9.34,-8.48,-5.73,-0.65,0.43,0.36,-1.56,4.61,-6.96,-0.77,0.55,-0.04,-7.35,-1.64,-1.26,-0.77,0.93,0.12,-2.94,-3.88,-7.82,-1.35,0.27,-0.14,5.21,-10.13,-9.12,-0.63,0.62,-1.32
29,-10.7,-11.77,-0.31,-0.65,0.72,0.09,-16.94,8.31,-13.61,-0.55,0.08,0.31,-19.02,-19.34,-15.48,-0.75,0.99,0.23,-1.73,-8.4,-14.4,-1.16,0.19,0.22,7.18,-13.11,-11.53,-0.8,0.44,-0.97
30,-17.78,-19.02,8.15,-0.79,0.88,0.46,-20.24,-38.18,-3.08,-1.04,0.61,0.68,-11.15,-3.14,7.35,-1.67,0.1,2.0,-3.71,6.5,-9.56,-1.41,0.1,0.17,8.48,0.63,-8.43,-0.93,0.37,-1.15
31,-13.02,9.08,7.89,-0.85,1.0,0.99,-15.38,-63.73,27.01,2.0,1.77,-0.68,-0.59,12.18,10.99,-0.59,1.15,0.59,-4.79,-3.51,-3.22,-1.11,-0.04,0.13,5.21,-1.42,-15.1,-0.88,0.34,-1.06
32,4.47,10.56,10.87,0.81,1.11,0.72,-2.46,40.01,3.63,-0.85,1.06,-0.36,-6.34,8.98,4.5,-0.26,1.16,0.68,-11.11,-0.4,-2.82,-0.98,-0.01,0.57,0.11,-0.02,-19.2,-0.74,0.33,-1.21
33,-29.85,31.69,12.18,0.17,1.11,0.36,-37.44,33.04,-13.07,0.64,0.37,0.86,-31.66,23.39,-4.26,-1.15,1.03,0.71,-30.82,-20.02,-3.6,-1.05,0.05,0.42,-1.37,-17.31,-27.73,-0.66,0.23,-0.99
34,-65.19,0.79,16.09,-0.13,0.89,0.55,-56.81,-12.46,28.04,-0.22,0.69,0.76,-60.11,4.83,19.51,-0.13,0.82,0.73,-40.56,-22.08,-8.22,-1.0,-0.07,0.42,-11.6,-30.27,-40.05,-0.52,0.18,-0.81
35,-71.82,33.18,22.94,0.15,0.56,1.15,-74.95,4.22,32.88,-0.24,0.65,1.09,-66.15,31.6,29.5,0.02,1.08,0.5,-58.97,-30.2,6.89,-0.24,-0.06,1.11,-23.44,-34.73,-40.84,-0.64,0.07,-0.6
36,-61.81,28.66,20.02,-0.18,1.07,0.5,-64.56,-1.85,22.29,-0.3,1.24,0.5,-52.95,38.78,21.23,-0.19,0.78,0.79,-56.27,-6.85,5.72,-1.23,0.53,0.51,-33.65,-31.29,-39.18,-0.62,0.03,-0.35
37,-56.78,28.6,34.6,0.39,0.58,0.98,-61.49,10.55,39.36,0.0,0.89,0.83,-54.78,34.4,28.7,0.21,0.79,0.68,-54.1,-16.53,7.01,-0.77,0.43,0.37,-40.63,-27.21,-30.98,-0.7,0.1,-0.61
38,-48.7,18.89,36.39,0.17,0.77,0.55,-48.23,3.44,40.35,-0.08,0.91,0.4,-41.76,18.4,28.69,-0.09,0.73,0.17,-37.77,-12.72,14.53,-0.46,0.25,0.67,-35.02,-19.75,-30.06,-0.76,0.08,-0.63
39,-32.63,17.5,39.58,0.21,0.52,0.69,-32.57,6.23,43.54,-0.04,0.69,0.56,-37.89,16.82,37.8,0.07,0.64,0.7,-34.09,-12.27,22.56,-0.65,0.36,0.29,-30.9,-15.68,-20.21,-0.66,-0.14,-0.56
40,-30.66,7.65,37.19,-0.18,0.7,0.53,-25.13,3.95,37.01,-0.35,0.69,0.42,-27.23,10.74,28.02,-0.33,0.78,0.35,-28.24,-6.76,14.08,-1.04,0.28,0.09,-34.15,-15.53,-15.23,-0.8,-0.13,-0.58
41,-21.74,2.53,31.76,-0.13,0.56,0.73,-16.76,-1.24,33.22,-0.36,0.74,0.57,-20.39,8.89,26.12,-0.48,0.81,0.5,-19.44,-3.3,19.0,-0.85,0.2,0.41,-23.52,-8.34,-11.2,-0.78,-0.19,-0.88
42,-14.08,4.98,25.92,-0.38,0.66,0.83,-10.6,7.33,24.58,-0.56,0.65,0.65,-14.56,10.92,19.91,-0.56,0.83,0.52,-20.39,-0.94,16.13,-1.2,0.12,0.2,-20.66,-6.37,-8.61,-0.79,-0.23,-0.9
43,-6.11,7.74,14.0,-0.45,0.64,0.74,-6.58,9.11,13.12,-0.46,0.65,0.65,-9.89,10.55,13.72,-0.4,0.71,0.58,-15.02,1.41,11.34,-1.02,0.14,0.1,-16.47,-2.47,-4.79,-0.77,-0.23,-0.73
44,-4.91,5.05,12.66,-0.27,0.57,0.7,-4.86,5.98,11.69,-0.35,0.6,0.59,-6.45,5.98,12.69,-0.41,0.61,0.51,-10.14,1.21,9.73,-0.88,0.18,0.19,-12.33,-1.25,-3.98,-0.76,-0.18,-0.87
45,-3.95,0.53,8.93,-0.35,0.59,0.69,-2.32,1.14,8.0,-0.45,0.63,0.59,-1.95,0.65,6.44,-0.53,0.71,0.5,-6.47,1.27,6.87,-1.0,0.1,0.11,-9.1,-0.2,-1.54,-0.68,-0.19,-0.86
46,-3.07,1.67,7.44,-0.14,0.49,0.78,-2.18,-0.7,8.24,-0.22,0.66,0.6,-4.89,-0.15,7.31,-0.36,0.67,0.49,-3.02,-0.5,6.58,-0.87,0.14,0.23,-9.71,-1.07,0.32,-0.83,-0.15,-0.69
47,-0.85,-1.28,5.33,-0.24,0.53,0.77,-0.15,0.74,5.29,-0.33,0.57,0.66,-3.75,0.11,6.16,-0.36,0.63,0.66,-2.44,-0.24,3.75,-0.95,0.14,0.22,-6.24,-0.65,0.99,-0.75,-0.14,-0.82
48,-2.81,-1.07,3.86,-0.25,0.53,0.78,-2.15,-1.31,4.39,-0.35,0.6,0.63,-5.8,-0.7,3.73,-0.43,0.64,0.52,-1.63,-1.17,1.91,-0.94,0.11,0.27,-5.13,-0.64,1.67,-0.73,-0.12,-0.82
49,-1.95,-3.91,2.12,-0.21,0.55,0.75,-1.02,-1.49,2.65,-0.36,0.63,0.64,-1.79,-0.71,2.56,-0.38,0.65,0.62,-0.83,-1.57,2.3,-0.89,0.12,0.2,-2.6,-0.73,1.39,-0.75,-0.14,-0.86
50,-1.69,-1.34,0.47,-0.28,0.55,0.75,-0.74,-1.74,0.05,-0.37,0.59,0.61,-0.45,-1.76,-0.06,-0.44,0.65,0.5,1.49,-0.66,0.21,-0.92,0.02,0.31,-0.77,-0.28,1.25,-0.77,-0.19,-0.77
51,-0.92,-0.72,0.75,-0.22,0.44,0.83,-0.82,-0.53,1.6,-0.34,0.5,0.69,-2.14,-0.46,0.67,-0.52,0.55,0.52,0.6,-1.26,1.04,-0.93,-0.01,0.31,-0.31,-0.87,1.01,-0.79,-0.23,-0.74
52,-0.92,-1.4,-1.05,-0.36,0.5,0.71,-0.57,-1.71,-0.44,-0.44,0.52,0.65,0.0,-1.07,-0.22,-0.46,0.57,0.55,0.69,-0.05,0.01,-0.92,-0.02,0.25,-0.11,0.47,1.11,-0.76,-0.24,-0.74
53,-0.61,-0.72,-0.44,-0.3,0.45,0.76,-0.48,-0.5,0.2,-0.38,0.5,0.67,-1.4,-0.12,0.61,-0.46,0.55,0.56,0.72,-0.55,0.44,-0.85,-0.04,0.31,-0.01,0.22,0.73,-0.79,-0.24,-0.69
54,-0.51,-0.6,-0.24,-0.34,0.45,0.72,-0.57,-0.89,0.01,-0.43,0.49,0.65,-0.42,-0.36,0.16,-0.53,0.54,0.52,0.69,0.44,0.21,-0.9,-0.06,0.32,-0.37,0.21,0.1,-0.81,-0.25,-0.7
55,-0.03,0.11,-0.1,-0.34,0.42,0.76,-0.4,0.53,-0.01,-0.41,0.47,0.69,-0.83,0.46,0.4,-0.5,0.53,0.57,-0.95,0.07,0.39,-0.88,-0.06,0.32,-0.83,0.05,-0.64,-0.79,-0.25,-0.69
56,-1.19,0.31,0.39,-0.32,0.43,0.74,-1.24,0.24,0.62,-0.4,0.5,0.67,-1.09,0.42,0.66,-0.49,0.54,0.51,-0.82,-0.09,0.81,-0.86,-0.03,0.25,-0.81,-0.07,-0.31,-0.74,-0.25,-0.73
57,-0.3,-0.24,-0.31,-0.32,0.48,0.7,-0.27,-0.26,-0.07,-0.41,0.54,0.62,0.19,-0.11,0.32,-0.48,0.58,0.52,0.56,0.64,0.59,-0.9,-0.02,0.21,-0.15,0.65,0.78,-0.72,-0.28,-0.73
58,0.03,-0.4,-0.21,-0.32,0.46,0.73,0.02,-0.07,-1.91,-0.38,0.49,0.64,-0.44,-0.68,0.4,-0.48,0.54,0.52,0.79,-0.11,1.02,-0.85,-0.05,0.27,-0.5,0.47,1.18,-0.75,-0.25,-0.69
59,-0.48,-1.56,-0.15,-0.3,0.44,0.72,-0.02,-1.52,0.37,-0.38,0.49,0.62,-0.45,-1.3,0.43,-0.47,0.54,0.55,1.02,-0.56,0.95,-0.89,-0.06,0.35,-0.85,-0.1,0.99,-0.79,-0.22,-0.71
60,-0.63,-1.02,0.28,-0.32,0.42,0.79,-0.55,-0.87,0.65,-0.42,0.48,0.71,-0.56,-0.21,0.47,-0.54,0.54,0.59,0.0,-0.55,0.87,-0.91,-0.02,0.33,-0.55,-0.32,0.32,-0.82,-0.22,-0.73
61,-0.52,-0.34,-0.52,-0.36,0.46,0.78,-0.82,-0.11,-0.11,-0.42,0.5,0.71,-0.84,0.5,0.5,-0.47,0.53,0.63,-0.43,1.9,0.54,-0.9,-0.03,0.31,-0.44,-0.12,-0.35,-0.81,-0.22,-0.73
62,-1.45,0.26,0.82,-0.31,0.41,0.79,-1.44,0.41,1.07,-0.38,0.46,0.69,-1.48,0.76,0.64,-0.5,0.53,0.55,-0.68,0.09,0.43,-0.88,-0.03,0.36,-0.97,-0.34,-0.34,-0.79,-0.22,-0.68
63,-0.87,0.47,0.33,-0.33,0.45,0.76,-0.98,0.42,0.18,-0.39,0.5,0.66,-0.63,0.67,0.25,-0.49,0.57,0.56,-0.78,-0.02,0.4,-0.9,-0.01,0.28,-0.74,-0.24,-0.52,-0.79,-0.23,-0.74
64,-0.91,0.54,0.5,-0.31,0.45,0.79,-1.28,0.67,0.81,-0.38,0.5,0.69,-1.39,0.66,0.52,-0.48,0.55,0.57,-0.66,-0.46,0.35,-0.89,-0.03,0.29,-0.5,-0.24,-0.4,-0.79,-0.24,-0.74
65,-1.11,0.01,0.2,-0.34,0.46,0.72,-1.01,-0.31,0.4,-0.4,0.51,0.65,-0.4,-0.1,0.08,-0.5,0.55,0.5,-0.1,0.35,-0.15,-0.9,-0.03,0.32,-0.51,-0.12,-0.4,-0.78,-0.24,-0.7
66,-0.05,-0.15,-0.31,-0.31,0.46,0.75,-0.24,0.33,-0.26,-0.38,0.49,0.67,-0.38,-0.01,0.31,-0.46,0.54,0.58,0.05,0.05,0.42,-0.86,-0.01,0.26,-0.5,0.37,0.31,-0.75,-0.22,-0.73
67,-0.8,-0.57,0.03,-0.3,0.42,0.74,-0.82,-0.82,0.43,-0.38,0.51,0.65,-1.18,-0.18,0.66,-0.46,0.54,0.56,0.07,-0.31,0.79,-0.86,-0.02,0.28,-0.69,-0.01,0.44,-0.77,-0.24,-0.71
68,-1.08,-0.46,0.44,-0.3,0.43,0.74,-0.9,-0.39,0.81,-0.38,0.49,0.66,-1.33,-0.23,0.8,-0.49,0.53,0.54,-0.17,-0.19,0.84,-0.87,-0.03,0.31,-0.97,0.04,0.31,-0.77,-0.23,-0.72
69,-0.66,-0.56,0.11,-0.32,0.45,0.75,-0.45,-0.61,0.13,-0.39,0.5,0.64,-0.27,-0.17,0.32,-0.49,0.56,0.57,-0.21,0.18,0.36,-0.92,-0.02,0.32,-0.56,0.07,0.0,-0.76,-0.22,-0.73
70,-0.69,0.04,0.05,-0.3,0.44,0.76,-0.92,-0.08,0.26,-0.39,0.5,0.68,-0.8,0.39,0.18,-0.5,0.56,0.55,-0.29,-0.1,0.02,-0.89,-0.03,0.31,-0.29,-0.45,-0.34,-0.81,-0.24,-0.69
71,-0.82,0.14,0.24,-0.31,0.43,0.75,-0.83,0.24,0.47,-0.38,0.5,0.67,-0.91,0.52,0.48,-0.48,0.53,0.57,-0.59,-0.02,0.69,-0.85,-0.03,0.28,-0.94,0.1,0.06,-0.77,-0.24,-0.69
72,-0.64,-0.29,0.22,-0.3,0.42,0.73,-0.53,-0.05,0.59,-0.36,0.49,0.66,-0.69,-0.19,0.57,-0.48,0.52,0.56,-0.34,-0.48,0.76,-0.87,-0.01,0.31,-0.88,-0.04,0.22,-0.77,-0.23,-0.71
73,-0.56,-0.51,0.07,-0.32,0.45,0.74,-0.5,-0.25,0.33,-0.4,0.51,0.67,-0.4,-0.05,0.62,-0.47,0.55,0.59,0.11,0.09,0.76,-0.89,-0.01,0.31,-0.71,0.2,0.36,-0.78,-0.23,-0.72
74,-0.51,-0.31,0.12,-0.33,0.45,0.76,-0.54,-0.05,0.34,-0.39,0.5,0.68,-0.64,0.18,0.61,-0.48,0.53,0.59,-0.2,0.34,0.78,-0.88,-0.0,0.34,-0.85,0.13,0.04,-0.77,-0.19,-0.73
75,-0.56,-0.33,0.03,-0.3,0.45,0.74,-0.5,-0.2,0.02,-0.38,0.51,0.64,-0.2,0.0,0.31,-0.47,0.55,0.59,-0.37,0.23,0.47,-0.9,0.01,0.3,-0.36,0.09,-0.23,-0.76,-0.22,-0.78
76,-0.54,0.06,-0.27,-0.3,0.46,0.76,-0.87,0.02,-0.11,-0.37,0.51,0.66,-0.71,0.05,-0.02,-0.46,0.53,0.56,0.17,-0.21,0.52,-0.85,-0.01,0.28,-0.23,0.19,0.57,-0.75,-0.23,-0.7
77,-0.4,-0.92,-0.3,-0.29,0.45,0.72,-0.04,-0.84,-0.21,-0.37,0.5,0.65,-0.15,-0.92,0.09,-0.46,0.54,0.56,0.42,-0.3,0.96,-0.87,-0.01,0.28,-0.56,0.07,0.49,-0.78,-0.22,-0.74
78,-0.5,-0.81,-0.54,-0.31,0.45,0.77,-0.66,-0.46,-0.29,-0.39,0.5,0.69,-0.47,0.02,-0.1,-0.47,0.55,0.61,1.91,-0.41,0.44,-0.88,0.01,0.3,0.13,-0.24,-1.95,-0.79,-0.23,-0.73
79,-0.67,0.17,-0.49,-0.31,0.44,0.76,-1.07,-0.24,-0.4,-0.39,0.51,0.66,-0.44,0.21,-0.31,-0.47,0.55,0.56,0.11,-0.12,0.15,-0.86,-0.01,0.3,-0.04,0.09,0.24,-0.76,-0.23,-0.72
80,-0.37,-0.42,-0.53,-0.29,0.43,0.75,-0.47,-0.68,-0.44,-0.35,0.49,0.67,-0.05,-0.38,-0.26,-0.48,0.53,0.57,0.4,0.0,0.25,-0.89,-0.01,0.31,-0.1,-0.13,0.5,-0.78,-0.23,-0.75
81,-0.67,-0.37,-0.36,-0.29,0.45,0.77,-0.76,-0.54,-0.17,-0.37,0.5,0.67,-0.53,-0.45,-0.21,-0.5,0.54,0.55,0.68,-0.07,0.27,-0.9,-0.02,0.31,0.09,0.11,0.41,-0.79,-0.23,-0.69
82,-0.12,-0.85,-0.84,-0.32,0.44,0.76,0.1,-0.64,-0.64,-0.38,0.49,0.66,0.36,-0.98,-0.36,-0.5,0.52,0.56,0.53,0.26,0.44,-0.87,-0.0,0.32,-0.47,0.33,0.55,-0.77,-0.19,-0.72
83,0.16,-0.97,-1.02,-0.28,0.42,0.78,0.15,-0.54,-0.66,-0.32,0.5,0.7,-0.29,-1.38,-0.69,-0.42,0.54,0.6,0.35,-0.79,0.43,-0.84,0.06,0.28,-0.15,-0.04,0.67,-0.76,-0.16,-0.76
84,0.27,-1.89,-2.26,-0.23,0.48,0.73,1.14,-2.11,-2.51,-0.28,0.58,0.63,1.55,-3.52,-2.45,-0.39,0.62,0.52,3.14,-0.5,-0.43,-0.86,0.16,0.17,1.11,1.37,3.42,-0.7,-0.08,-0.81
85,3.14,-5.47,-6.76,-0.15,0.57,0.67,5.56,-5.27,-7.69,-0.24,0.68,0.57,7.11,-9.17,-6.44,-0.34,0.67,0.46,8.3,-0.17,-1.41,-0.89,0.31,0.14,3.85,3.04,6.43,-0.74,0.03,-0.85
86,9.95,-10.89,-15.79,-0.17,0.71,0.63,12.92,-8.98,-20.3,-0.36,0.81,0.5,19.71,-18.63,-16.11,-0.37,0.9,0.33,16.15,3.07,-5.73,-1.03,0.37,0.23,8.78,5.16,10.25,-0.73,0.06,-0.91
87,22.48,-14.02,-28.31,0.04,1.01,0.8,21.21,-2.15,-35.23,-0.22,0.96,0.41,26.14,-21.04,-19.58,-0.09,1.08,0.45,22.01,1.55,-8.21,-0.94,0.42,0.13,12.43,5.58,14.5,-0.74,0.15,-0.89
88,26.84,-11.06,-34.53,-0.06,1.14,0.71,24.16,-2.44,-38.27,-0.29,1.01,0.55,22.28,-20.14,-23.1,0.19,0.97,0.51,25.27,0.18,-7.83,-0.89,0.51,0.32,18.34,6.33,16.03,-0.72,0.15,-0.96
89,27.02,-8.35,-30.5,0.19,0.86,0.79,22.15,-11.13,-26.86,-0.21,0.86,0.57,22.38,-13.52,-29.11,0.19,1.01,0.36,28.02,0.3,-8.0,-0.77,0.56,0.05,19.42,5.36,21.88,-0.53,0.16,-0.86
90,27.53,-16.79,-23.81,0.12,0.83,0.4,25.27,-13.82,-19.94,-0.16,0.9,0.36,23.34,-23.59,-20.32,0.07,0.92,0.37,34.1,-2.99,-6.86,-0.66,0.51,0.13,23.01,4.59,27.03,-0.59,0.15,-0.8
91,24.58,-30.02,-20.6,0.01,0.9,0.5,27.08,-26.03,-19.16,-0.23,0.84,0.43,24.11,-26.98,-20.64,0.07,0.98,0.28,37.35,-4.69,-4.47,-0.67,0.58,0.05,21.26,6.06,33.66,-0.41,0.26,-0.86
92,26.73,-30.79,-18.97,0.2,0.94,0.44,29.33,-23.33,-18.24,-0.09,0.91,0.34,28.76,-32.16,-17.98,0.05,0.99,0.34,44.21,-4.76,-3.42,-0.67,0.57,0.22,23.89,1.56,31.58,-0.66,0.25,-0.77
93,29.67,-35.41,-20.95,0.05,0.89,0.58,34.15,-31.18,-19.12,-0.14,0.89,0.63,25.33,-41.86,-13.3,0.02,0.95,0.47,42.62,-5.28,-2.31,-0.69,0.53,0.3,21.15,7.05,38.41,-0.52,0.27,-0.62
94,33.2,-26.68,-18.01,0.32,0.81,0.58,31.43,-27.66,-15.57,0.01,0.86,0.44,29.75,-26.77,-12.18,0.58,0.99,0.38,40.89,-0.95,2.21,-0.52,0.72,0.13,15.11,3.56,37.53,-0.43,0.53,-0.99
95,38.12,-25.57,-16.54,0.31,1.38,0.03,36.01,-19.38,-18.85,-0.24,0.95,0.38,27.66,-39.37,-17.75,-0.08,1.49,0.34,45.92,-1.87,-3.48,-0.87,0.63,0.2,21.95,0.31,36.93,-0.43,0.35,-0.89
96,44.42,-29.21,-21.45,-0.03,1.0,0.62,32.1,-38.28,-15.95,-0.33,0.96,0.46,32.54,-24.5,-19.53,0.13,1.14,0.28,40.21,0.11,-0.24,-0.72,0.72,-0.04,18.56,3.94,34.15,-0.34,0.62,-1.06
97,45.95,-21.36,-21.66,-0.09,1.39,0.25,33.64,-18.87,-23.46,-0.11,1.25,0.49,36.36,-9.85,-23.66,0.07,1.42,0.69,33.2,2.46,16.28,-1.32,0.56,0.29,20.31,8.02,31.62,-0.76,0.64,-0.57
98,42.34,-18.5,-15.52,-0.34,0.79,0.67,35.9,-16.11,-23.41,-0.3,0.74,0.63,32.86,-13.6,-18.88,-0.55,0.8,0.82,30.46,11.18,-0.47,-1.04,0.48,0.47,15.08,9.76,18.53,-0.84,0.78,-1.08
99,38.76,-1.22,-15.89,-0.44,1.03,0.59,25.5,-2.96,-18.43,-0.16,0.91,0.76,25.38,11.17,-5.76,-0.25,0.61,1.0,15.24,8.15,2.13,-0.84,0.36,0.57,7.74,8.17,11.5,-0.88,0.6,-0.88
100,13.18,-6.57,-6.12,-0.8,0.7,0.5,7.37,-9.1,-12.81,-0.44,0.47,0.74,7.39,-6.59,-13.44,-0.89,0.65,0.51,4.05,8.42,-3.1,-1.17,0.23,0.16,5.66,3.18,1.19,-0.75,0.41,-0.95
101,7.64,1.96,-8.93,-0.66,0.66,0.04,3.64,-0.56,-12.42,-0.57,0.69,0.19,6.8,11.86,-4.39,-0.47,0.57,0.13,0.32,9.58,-4.32,-0.72,0.22,-0.11,2.92,7.34,3.58,-0.23,0.28,-0.9
102,-0.43,3.7,-3.88,-0.49,0.47,-0.04,0.08,4.72,-4.25,-0.52,0.55,0.13,1.27,2.51,-3.25,-0.55,0.64,-0.19,-2.94,8.4,1.15,-0.76,0.29,-0.38,-1.21,6.18,1.84,-0.35,0.3,-0.97
103,2.23,5.15,-1.5,-0.47,0.63,-0.26,1.38,2.2,-3.89,-0.42,0.7,0.06,-1.78,-5.35,-44.39,-1.09,1.8,-1.73,-14.03,-20.73,-28.4,2.0,2.0,-1.37,-10.6,-34.78,3.8,-0.75,0.22,-1.29
104,-33.87,-72.38,-3.41,2.0,2.0,-1.81,-12.85,-32.02,-15.76,0.14,1.16,-0.02,-2.6,-17.72,0.16,-0.81,0.59,-0.1,5.12,7.77,6.84,-0.43,-0.25,-0.19,2.69,14.5,16.28,-0.28,0.07,-0.55
105,7.18,53.7,12.98,0.29,-0.0,-0.14,4.04,35.71,20.89,0.32,-0.34,0.23,5.53,13.08,-0.65,-0.8,0.91,-0.92,-1.37,13.97,-3.85,-0.81,0.22,-0.75,-3.45,14.5,-0.47,-0.24,0.18,-1.14
106,-14.34,-12.91,1.87,-0.96,0.9,-0.58,1.63,5.5,-2.91,-0.74,0.65,-0.11,-0.63,-10.16,-5.08,-0.91,0.65,-0.29,1.23,-3.18,1.6,-0.82,0.24,-0.63,-1.29,-7.96,-1.1,-0.18,0.14,-1.14
107,1.29,2.31,3.31,-0.31,0.28,-0.16,-4.72,-20.83,-9.15,-0.83,0.58,0.05,-1.77,-2.18,-2.13,-0.74,0.61,-0.28,-0.63,-2.0,-1.07,-0.84,0.25,-0.42,-0.44,-2.82,0.02,-0.33,0.21,-1.08
108,-3.64,-4.64,-1.21,-0.74,0.6,-0.26,0.92,4.74,3.9,-0.84,0.49,0.05,0.92,1.7,1.38,-0.79,0.6,-0.24,0.69,1.07,0.54,-0.86,0.23,-0.46,-0.13,2.18,1.61,-0.27,0.19,-1.1
109,0.44,3.46,2.08,-0.71,0.58,-0.26,0.21,0.85,-1.95,-0.85,0.49,0.03,-0.23,-0.94,0.28,-0.74,0.59,-0.29,0.11,-0.23,0.92,-0.85,0.26,-0.49,-0.64,-0.73,1.11,-0.21,0.19,-1.11
110,-1.63,-3.88,0.43,-0.69,0.64,-0.36,-0.73,-1.17,0.66,-0.83,0.5,-0.01,-0.86,-1.21,0.0,-0.75,0.61,-0.26,0.37,-0.78,0.69,-0.84,0.25,-0.45,-0.84,-1.31,0.95,-0.26,0.2,-1.12
111,-1.21,0.02,0.23,-0.71,0.61,-0.26,-0.41,0.34,-0.5,-0.82,0.51,0.0,-0.11,-0.31,0.18,-0.76,0.6,-0.25,0.33,0.28,0.24,-0.86,0.26,-0.45,-0.05,0.98,0.89,-0.27,0.21,-1.12
112,-0.35,0.01,0.18,-0.72,0.62,-0.26,0.25,1.63,-1.65,-0.84,0.51,0.02,0.32,0.15,0.41,-0.78,0.6,-0.27,0.41,0.35,0.15,-0.85,0.25,-0.47,-1.94,0.94,0.73,-0.24,0.21,-1.12
113,-0.03,0.34,-1.83,-0.71,0.62,-0.3,1.76,0.85,-0.63,-0.86,0.49,-0.05,0.0,-0.45,0.01,-0.77,0.61,-0.26,0.28,0.13,0.22,-0.86,0.24,-0.48,-0.31,0.49,0.53,-0.24,0.22,-1.12
114,-0.35,-0.19,-0.31,-0.68,0.61,-0.3,-0.3,-0.29,1.95,-0.84,0.48,-0.02,0.03,-0.08,0.84,-0.78,0.63,-0.28,0.18,0.44,0.51,-0.84,0.28,-0.45,-0.57,0.54,1.13,-0.25,0.21,-1.11
115,-0.14,0.11,0.24,-0.71,0.61,-0.27,0.02,0.23,1.95,-0.83,0.5,-0.02,0.01,1.95,0.51,-0.79,0.62,-0.25,0.06,0.41,0.27,-0.83,0.25,-0.44,-0.1,0.68,0.05,-0.2,0.22,-1.14
