Time,Gx0,Gy0,Gz0,Ax0,Ay0,Az0,Gx1,Gy1,Gz1,Ax1,Ay1,Az1,Gx2,Gy2,Gz2,Ax2,Ay2,Az2,Gx3,Gy3,Gz3,Ax3,Ay3,Az3,Gx4,Gy4,Gz4,Ax4,Ay4,Az4,
0,-0.24,-0.6,-0.38,0.03,0.95,0.21,-0.54,-0.68,-0.67,0.12,0.88,0.38,-0.13,-0.4,-0.23,0.02,0.92,0.32,-0.03,-0.28,0.04,0.12,0.87,0.19,-0.2,-0.08,-0.15,-0.6,0.74,-0.35
1,-0.32,-0.63,-0.58,0.03,0.96,0.22,-0.6,-0.43,-0.7,0.13,0.88,0.39,-0.24,-0.24,-0.29,0.06,0.91,0.32,-0.12,-0.07,0.05,0.13,0.86,0.18,-0.27,-0.02,-0.18,-0.6,0.74,-0.33
2,-0.41,-0.34,-0.49,0.04,0.95,0.21,-0.64,-0.23,-0.38,0.14,0.88,0.38,-0.34,0.05,-0.06,0.06,0.92,0.32,-0.02,0.4,0.24,0.13,0.87,0.19,-0.37,0.16,-0.04,-0.6,0.74,-0.33
3,-0.38,-0.02,-0.26,0.04,0.95,0.21,-0.53,0.01,-0.11,0.14,0.88,0.38,-0.24,0.32,0.14,0.05,0.92,0.31,0.11,0.63,0.4,0.14,0.86,0.19,-0.47,0.34,0.1,-0.6,0.74,-0.33
4,-0.16,0.08,-0.21,0.03,0.94,0.21,-0.14,0.22,-0.12,0.12,0.87,0.39,-0.05,0.24,0.16,0.04,0.91,0.31,0.25,0.44,0.4,0.12,0.86,0.19,-0.44,0.25,0.11,-0.6,0.74,-0.34
5,-0.18,1.95,-0.18,0.03,0.95,0.23,-0.25,0.25,0.0,0.12,0.87,0.39,-0.18,0.04,0.08,0.03,0.92,0.32,-0.03,0.03,0.31,0.13,0.86,0.18,-0.33,-0.06,-0.08,-0.6,0.74,-0.35
6,-0.39,-0.21,-0.29,0.03,0.94,0.22,-0.65,-0.12,-0.11,0.12,0.87,0.38,-0.38,-0.21,-0.11,0.03,0.91,0.31,-0.19,-0.15,0.09,0.13,0.86,0.18,-0.24,-0.19,-0.2,-0.61,0.74,-0.36
7,-0.47,-0.22,-0.37,0.03,0.94,0.21,-0.68,-0.03,-0.14,0.12,0.88,0.39,-0.31,-0.18,-0.1,0.05,0.9,0.31,-0.11,-0.08,0.17,0.13,0.85,0.18,-0.32,-0.13,-0.11,-0.59,0.74,-0.34
8,-0.44,-0.1,-0.26,0.05,0.94,0.19,-0.53,0.16,0.05,0.13,0.87,0.37,-0.34,-0.02,0.11,0.05,0.91,0.31,-0.13,0.19,0.42,0.13,0.86,0.17,-0.47,-0.07,-0.01,-0.6,0.74,-0.34
9,-0.47,-0.13,-0.2,0.04,0.95,0.2,-0.53,-0.01,0.04,0.12,0.88,0.38,-0.44,-0.08,0.05,0.04,0.91,0.3,-0.22,0.12,0.29,0.12,0.87,0.17,-0.36,-0.15,-0.03,-0.6,0.75,-0.36
10,-0.49,-0.35,-0.31,0.03,0.95,0.2,-0.69,-0.34,-0.26,0.12,0.88,0.38,-0.4,-0.18,-0.08,0.04,0.92,0.31,-0.16,0.02,0.21,0.14,0.88,0.18,-0.28,0.03,0.15,-0.6,0.75,-0.33
11,-0.29,-0.51,-0.45,0.02,0.97,0.19,-0.6,-0.66,-0.68,0.11,0.9,0.41,-0.11,-0.23,-0.5,0.02,0.94,0.31,0.14,0.03,-0.08,0.1,0.9,0.19,-0.23,0.36,0.16,-0.62,0.76,-0.36
12,0.73,-0.57,-1.63,-0.02,1.01,0.17,-0.51,-0.43,-1.42,0.09,0.92,0.4,0.39,-0.4,-1.88,-0.02,1.01,0.32,0.28,-0.51,-1.22,0.09,0.98,0.18,0.86,0.9,0.11,-0.66,0.8,-0.4
13,3.06,-1.65,-5.98,-0.17,1.12,0.08,-0.92,-2.24,-3.76,0.01,1.02,0.42,1.17,-1.44,-6.42,-0.2,1.15,0.29,0.4,-2.76,-4.59,-0.08,1.13,0.2,2.76,2.34,-0.66,-0.77,0.85,-0.49
14,5.29,-1.4,-8.51,-0.19,1.21,0.2,-0.68,-2.86,-7.58,-0.04,1.15,0.48,3.11,0.1,-9.08,-0.14,1.21,0.39,3.86,-0.61,-6.2,0.02,1.18,0.24,5.85,3.58,-1.63,-0.84,0.9,-0.52
15,9.25,-1.95,-14.03,-0.32,1.34,0.03,2.11,0.24,-9.96,-0.18,1.15,0.53,6.6,-3.13,-19.68,-0.66,1.38,0.29,3.92,-3.52,-13.54,-0.34,1.39,0.22,10.63,4.89,-4.92,-0.94,0.94,-0.71
16,14.18,-2.88,-25.34,-0.7,1.55,-0.01,0.47,-1.14,-20.79,-0.41,1.36,0.58,11.44,1.13,-30.68,-0.54,1.54,0.53,7.32,-3.23,-22.11,-0.2,1.53,0.2,18.22,6.21,-8.72,-1.01,0.97,-0.85
17,15.54,-2.6,-29.45,-0.51,1.43,0.29,2.6,-0.47,-31.69,-0.48,1.44,0.63,10.46,6.72,-24.4,-0.46,1.42,0.48,10.47,1.41,-29.01,-0.41,1.62,0.33,22.29,14.15,-11.1,-1.05,0.96,-0.75
18,13.07,0.87,-32.12,-0.7,1.6,-0.11,6.37,15.58,-33.11,-0.44,1.44,0.63,10.85,6.52,-34.92,-0.71,1.61,0.29,12.41,2.92,-34.23,-0.46,1.71,0.18,26.63,14.64,-13.92,-1.06,0.92,-0.97
19,12.97,2.52,-34.19,-0.66,1.35,0.23,4.24,9.97,-38.73,-0.55,1.26,0.73,5.73,7.56,-30.71,-0.62,1.36,0.66,10.55,4.47,-35.18,-0.32,1.34,0.24,31.39,12.82,-19.76,-1.09,0.79,-0.9
20,6.92,-5.08,-34.87,-0.62,1.12,-0.09,2.25,15.03,-38.35,-0.37,1.18,0.41,-0.74,9.37,-30.74,-1.25,0.99,0.3,4.44,3.27,-33.46,-0.29,1.1,0.12,27.92,12.79,-20.17,-0.79,0.57,-0.79
21,9.52,-2.97,-36.88,-0.94,1.05,-0.21,1.42,7.64,-42.6,-0.85,1.16,0.19,8.99,10.03,-38.59,-0.62,0.96,0.24,9.52,1.14,-40.18,-0.42,0.99,-0.0,30.31,8.16,-23.41,-0.75,0.34,-0.67
22,11.92,-0.91,-40.11,-0.39,0.65,-0.03,7.37,5.85,-40.95,-0.55,0.71,0.32,10.79,9.94,-39.46,-0.7,0.7,0.21,10.16,4.63,-40.86,-0.48,0.67,0.01,25.85,11.36,-24.24,-0.52,0.12,-0.73
23,13.3,3.44,-44.61,-0.93,0.64,-0.31,1.85,6.21,-41.95,-0.72,0.62,-0.03,20.07,11.34,-47.34,-1.25,0.62,-0.38,15.9,10.62,-48.24,-0.8,0.62,-0.15,20.75,17.82,-20.41,-0.21,-0.1,-0.68
24,24.14,10.31,-56.49,-0.9,0.46,-0.38,15.34,18.53,-50.68,-0.95,0.49,0.08,23.18,22.84,-56.47,-0.41,0.58,0.01,22.41,14.43,-51.25,-0.37,0.39,-0.04,21.69,17.61,-23.66,-0.41,-0.23,-0.71
25,31.83,19.44,-62.68,-0.5,0.33,0.01,12.4,20.31,-43.59,-0.11,-0.12,0.27,16.7,19.06,-50.6,-0.26,0.1,0.22,12.3,9.65,-42.75,-0.29,0.04,-0.09,26.99,26.78,-24.71,-0.31,-0.21,-0.59
26,15.17,9.54,-47.47,-0.47,0.08,-0.22,0.9,14.65,-43.76,-0.33,0.03,-0.04,9.18,20.01,-42.44,-0.08,0.2,0.11,10.2,8.89,-39.38,-0.02,-0.38,-0.03,29.02,23.49,-23.93,0.06,-0.32,-0.4
27,10.36,14.45,-32.71,0.22,-0.5,0.24,4.19,19.61,-23.87,0.19,-0.62,0.04,4.56,14.89,-22.56,0.26,-0.65,0.09,5.89,11.44,-22.01,0.27,-0.98,-0.08,14.51,23.52,-16.69,0.81,-0.52,0.07
28,1.18,19.35,-17.25,0.55,-0.65,0.02,3.98,29.27,-4.64,0.4,-0.76,-0.14,1.09,10.24,2.38,0.68,-0.83,-0.22,9.56,21.74,-6.43,0.12,-1.07,-0.35,2.28,18.76,-7.99,0.82,-0.89,-0.24
29,-1.53,18.23,4.62,0.64,-0.65,0.05,4.73,16.16,15.62,0.21,-0.85,-0.27,-0.71,0.73,14.87,-0.56,-0.39,0.1,8.73,11.0,2.0,0.05,-0.95,-0.25,2.26,11.32,0.59,0.89,-0.74,-0.08
30,12.07,24.32,3.51,-0.54,2.0,-0.01,5.84,15.04,21.42,-0.06,-0.8,-0.02,14.98,12.95,4.34,0.42,-1.12,0.1,2.54,-5.04,8.82,0.22,-1.25,0.15,-3.27,2.42,8.45,0.89,-0.92,0.33
31,-3.34,-3.1,16.81,0.05,-1.02,-0.17,-8.94,-7.32,26.51,-0.04,-0.56,0.06,0.98,3.9,13.02,0.54,-0.82,-0.34,2.53,4.31,29.74,0.63,-1.67,-0.56,-8.69,-22.67,7.26,0.53,-0.78,-0.42
32,-21.7,-29.15,26.45,0.19,-1.05,0.2,-11.13,-6.4,45.05,-0.32,-1.9,-0.84,-31.0,-16.4,43.51,-0.32,-0.3,0.08,-26.38,-7.06,52.85,-0.47,-0.54,0.02,-15.77,-7.84,2.23,0.37,-0.77,-0.23
33,-49.49,-22.82,67.7,-1.0,0.16,0.01,-35.53,-11.47,43.9,-0.88,-0.35,0.38,-70.65,-13.31,81.42,-0.3,0.23,0.28,-43.56,13.22,79.07,-0.54,0.15,-0.25,-22.02,-13.47,-3.24,0.22,-0.75,-0.6
34,-61.73,-14.24,77.85,-0.51,0.59,-0.6,-57.6,-29.56,45.26,-0.57,0.68,-0.48,-56.75,-2.79,63.71,-1.3,0.85,-0.71,-48.44,2.54,66.5,-0.94,0.82,-0.52,-3.44,-6.25,-0.98,0.2,-0.68,-0.72
35,-56.63,-7.09,83.66,-0.4,0.32,0.43,-32.09,7.1,38.14,-0.51,-0.15,0.63,-92.82,-7.47,74.65,-0.64,0.87,0.02,-64.85,14.72,85.57,-0.48,0.94,0.02,9.82,-22.98,-1.43,0.13,-0.62,-0.82
36,-53.68,21.77,46.43,-0.68,1.34,-0.43,-61.53,-15.37,37.24,-0.6,0.83,-0.54,-49.39,5.63,32.09,-0.64,1.1,-0.26,-48.39,12.75,43.55,-0.24,0.96,-0.02,20.4,-24.02,18.03,0.44,-0.76,-0.9
37,-48.64,16.81,44.11,0.01,1.12,0.18,-37.32,-8.89,58.86,-0.29,0.83,0.63,-55.46,6.03,44.92,-0.55,0.97,0.47,-39.92,8.24,36.02,-0.14,1.37,0.26,16.76,-23.19,24.4,0.68,-0.88,-1.27
38,-36.75,20.71,12.67,-0.46,1.28,0.1,-13.31,43.56,-8.53,-1.79,-0.8,2.0,-21.92,0.79,-3.11,-0.75,1.7,0.43,-15.78,4.56,9.02,-0.09,1.28,0.01,-1.74,-1.73,15.11,-0.95,-1.1,-0.31
39,-15.89,-6.69,8.41,0.28,0.9,0.54,-10.19,-22.73,15.77,-0.95,0.79,-0.15,-10.57,-6.47,3.18,-0.29,0.88,0.64,-8.75,-3.16,7.34,0.08,0.99,0.55,-5.65,-2.7,5.15,-0.49,-0.91,-0.72
40,-9.09,-3.57,2.78,-0.2,1.08,0.62,-10.27,-12.32,3.01,-0.66,0.78,0.71,-3.64,-0.79,-0.23,-0.14,1.01,0.7,-2.43,-3.27,-0.07,0.14,1.06,0.53,-2.96,0.99,2.53,-0.48,-0.98,-0.79
41,1.68,-5.32,-6.73,-0.07,1.29,0.71,1.53,-2.4,-11.06,-0.81,0.94,0.88,15.43,4.05,-9.31,-0.35,1.45,0.8,13.77,-6.85,-19.07,0.12,1.46,0.58,-1.78,6.11,-6.79,-0.69,-0.85,-0.93
42,23.98,-2.72,-38.55,-0.37,1.59,0.58,16.5,20.69,-35.26,-1.08,0.92,0.5,42.85,10.65,-37.63,-0.21,1.49,0.58,38.57,-10.95,-40.42,-0.08,1.35,0.28,-1.05,8.49,-15.34,-0.21,-0.9,-0.65
43,44.04,-2.4,-56.1,-0.36,1.42,0.44,31.63,27.51,-49.77,-1.3,0.9,0.36,60.17,2.24,-52.76,-0.74,1.72,0.01,45.68,-13.98,-71.47,-0.26,1.82,0.13,-1.91,13.21,-11.09,0.01,-0.79,-0.26
44,67.92,0.17,-87.01,-0.54,1.74,0.08,42.27,30.75,-58.95,-0.86,0.51,0.5,89.11,0.69,-84.37,-0.97,0.72,0.82,35.48,1.0,-100.87,-0.03,-0.22,0.31,-8.47,24.89,-11.22,0.18,-0.98,-0.88
45,56.97,8.21,-75.2,-0.41,0.1,0.29,53.87,23.29,-49.89,-1.26,-0.19,0.25,60.19,13.95,-65.83,-0.7,0.71,0.17,43.66,22.9,-72.81,-0.31,0.32,0.12,-2.86,15.73,-7.68,0.12,-0.75,-0.61
46,41.58,14.88,-70.5,-0.31,0.27,-0.2,13.7,4.64,-58.15,-0.58,0.12,0.09,35.13,13.47,-52.94,-0.05,0.0,0.26,23.1,12.46,-54.25,-0.47,-0.24,-0.16,7.56,7.5,-12.31,0.1,-0.62,-1.22
47,27.12,12.02,-55.79,-0.65,-0.5,0.07,20.47,29.07,-45.07,-0.04,-0.53,0.05,18.84,9.05,-40.87,-0.45,-0.36,-0.23,19.51,10.36,-35.85,-0.55,-0.69,-0.43,3.87,4.32,-8.7,0.39,-0.83,-0.5
48,23.09,16.69,-35.3,-0.42,-0.7,-0.18,16.23,17.34,-5.51,-0.33,-0.78,0.07,19.97,15.85,-19.75,0.01,-0.96,-0.17,14.1,7.17,-16.18,-0.44,-0.87,-0.38,7.51,28.79,8.31,0.52,-0.86,-0.42
49,15.21,20.66,-14.72,-0.01,-0.87,0.0,11.21,16.4,27.29,-0.01,-1.02,0.15,12.49,8.21,-6.34,-0.13,-1.01,-0.07,14.66,4.0,-5.28,-0.27,-1.06,-0.15,-1.03,5.95,1.34,0.61,-0.85,-0.22
50,-1.36,18.26,-18.85,0.24,-0.98,0.42,1.86,18.21,17.94,-1.08,2.0,-1.48,1.73,-1.27,0.38,0.04,-0.92,-0.08,5.77,-1.73,1.72,-0.16,-1.05,-0.09,-1.15,4.62,1.58,0.5,-0.92,-0.09
51,-5.9,4.64,5.93,0.03,-0.71,-0.29,-2.05,10.3,14.02,-0.41,-0.84,-0.1,4.39,4.17,3.38,-0.08,-0.9,-0.15,7.57,0.66,5.61,-0.3,-0.96,-0.07,-4.11,3.31,4.03,0.43,-0.86,-0.28
52,0.4,15.48,3.31,0.08,-1.09,-0.37,8.76,17.31,19.99,-0.52,-0.68,-0.18,1.92,6.21,5.95,-0.28,-0.81,-0.04,1.22,2.63,8.13,-0.44,-0.84,-0.08,-9.24,3.14,5.24,0.41,-0.75,-0.24
53,-6.78,-5.57,73.6,1.47,-1.86,-0.76,5.52,15.22,16.28,-0.64,-0.66,-0.18,5.17,16.54,8.35,-0.19,-0.99,-0.0,0.97,5.15,8.81,-0.36,-0.88,-0.05,-9.37,7.8,5.47,0.31,-0.8,-0.25
54,-0.41,17.17,11.86,-0.28,-0.85,0.04,3.11,10.89,14.79,-0.57,-0.73,-0.15,-5.4,5.55,12.37,-0.21,-0.78,-0.13,-6.15,4.46,13.87,-0.37,-0.78,-0.09,-15.49,-4.44,3.94,0.41,-0.69,-0.4
55,-12.34,3.37,11.34,-0.15,-0.8,0.08,-5.9,10.24,14.95,-0.47,-0.8,0.09,-11.74,-5.98,16.99,-0.08,-0.73,-0.03,-16.74,-1.81,22.2,-0.35,-0.71,-0.11,-16.13,-9.97,4.57,0.36,-0.72,-0.26
56,-22.27,-7.72,14.98,-0.19,-0.62,-0.06,-28.41,-12.56,12.99,-0.48,-0.2,-0.39,-21.92,-8.66,26.49,-0.32,-0.33,-0.48,-19.22,2.59,24.26,-0.6,-0.34,-0.19,-18.58,-19.47,6.42,0.31,-0.54,-0.29
57,-23.59,-10.5,13.51,-0.29,-0.38,-0.33,-26.6,-13.37,8.37,-0.48,-0.12,-0.33,-18.81,-6.33,26.05,-0.18,-0.46,-0.02,-21.08,-6.28,22.31,-0.3,-0.57,-0.11,-14.85,-12.83,5.66,0.18,-0.55,-0.57
58,-27.05,-2.27,29.87,0.06,-0.56,0.2,-18.89,2.39,6.96,-0.39,-0.42,0.15,-30.64,-8.7,42.02,-0.27,0.1,-0.33,-26.62,-2.16,36.61,-0.53,0.03,-0.01,-23.97,-30.98,8.55,0.01,-0.37,-0.65
59,-40.18,-32.76,30.21,-0.72,0.4,-0.77,-27.55,-11.24,3.09,-1.09,0.99,-0.41,-25.89,-11.31,12.03,-1.4,0.58,-0.88,-15.04,-0.49,13.27,-1.32,0.88,-0.86,-12.09,-25.1,12.61,-0.16,-0.18,-0.92
60,-8.9,-19.27,6.44,-0.66,0.27,-0.3,-18.54,-52.83,-13.76,-0.63,-0.76,-0.05,-5.76,-2.31,6.36,-0.63,0.03,-0.24,-13.53,-12.58,18.51,-0.32,-0.15,-0.14,-7.35,2.72,12.02,-0.16,-0.25,-0.92
61,-16.43,-20.21,33.12,-0.06,-0.14,0.08,9.64,-12.99,2.71,-0.42,-0.07,0.13,-21.75,-16.21,21.6,-0.88,0.5,-0.16,-20.7,-12.54,21.77,-0.61,0.37,-0.34,-16.85,-20.4,6.76,-0.17,-0.21,-0.79
62,-12.05,-23.85,14.6,-1.13,0.78,-0.59,-12.1,-36.93,22.1,-1.44,0.41,-0.66,-1.73,-19.75,11.86,-0.58,0.47,-0.26,-2.68,-12.06,17.07,-0.31,0.32,-0.19,-23.02,-13.85,13.95,-0.46,-0.12,-0.83
63,4.92,-8.26,26.02,-0.43,0.65,0.17,-0.21,-36.63,35.61,-0.45,0.41,0.95,-8.59,-9.98,45.95,-0.1,0.6,0.86,-12.92,-3.31,45.07,-0.34,0.99,0.31,-32.46,-20.36,9.82,-1.14,0.26,-1.43
64,-4.47,-2.82,24.82,-1.69,1.68,-0.21,21.08,24.5,41.64,-1.01,0.99,0.5,-4.56,-21.62,5.34,-1.53,1.25,-0.09,-2.98,-18.24,0.69,-1.23,1.24,-0.39,-10.38,-38.08,0.6,-1.14,0.03,-1.61
65,4.96,6.57,12.11,-1.09,0.97,-0.08,-1.9,-10.82,20.91,-1.17,0.94,0.28,10.12,-10.04,16.09,-0.64,0.59,0.19,2.6,-15.56,13.06,-0.44,0.44,0.15,-8.15,-20.47,11.44,-0.59,0.02,-0.63
66,-7.18,-1.76,31.95,-0.44,0.66,0.14,4.66,-1.45,29.71,-0.51,0.8,0.26,-8.69,-0.63,47.34,0.16,0.7,0.24,-6.53,3.8,44.54,0.12,0.65,-0.07,-25.68,-8.83,26.66,-0.57,0.51,-0.62
67,-4.79,15.23,21.31,-0.69,1.19,-0.56,-0.95,10.85,41.76,0.01,1.19,0.18,-9.06,7.98,24.65,-0.9,1.47,-0.02,-0.53,16.96,19.53,-0.65,1.22,-0.0,-26.16,-16.02,15.74,-1.1,0.47,-0.84
68,-18.19,-2.53,45.71,-0.26,1.57,0.29,-16.3,-28.91,34.07,-0.72,1.46,0.45,-10.73,0.53,46.86,-0.36,1.24,0.55,-8.96,8.66,39.12,0.15,1.05,0.33,-24.2,-2.95,27.54,-0.79,0.78,-0.44
69,-7.65,0.28,23.51,-0.79,1.7,-0.3,1.92,-7.39,24.18,-0.34,1.5,0.45,-8.68,-6.37,12.5,-1.54,1.84,-0.36,-16.6,-4.3,20.87,-1.05,1.99,-0.25,-27.62,-7.18,12.32,-1.23,0.81,-0.58
70,10.78,-0.48,7.73,-0.48,1.39,0.03,6.66,-14.37,3.6,-0.44,1.3,0.55,12.06,0.56,10.46,-0.67,1.2,0.4,7.83,-4.11,13.69,-0.6,1.44,-0.09,4.21,-1.96,7.21,-1.19,0.85,-0.94
71,1.08,-4.82,6.11,-0.47,1.14,0.24,4.63,1.28,1.65,-0.25,0.88,0.64,-8.14,-10.67,10.56,-0.46,1.11,0.4,-4.84,-3.73,6.98,-0.3,1.15,0.32,2.34,-4.63,-0.65,-0.88,0.79,-0.32
72,-10.16,0.86,3.52,-0.46,1.16,0.01,-5.46,7.08,6.05,0.06,0.92,0.42,-7.4,3.83,2.49,-0.57,1.12,0.23,-7.76,3.43,3.79,-0.17,1.08,0.17,-1.63,4.26,1.82,-0.77,0.72,-0.27
