Time,Gx0,Gy0,Gz0,Ax0,Ay0,Az0,Gx1,Gy1,Gz1,Ax1,Ay1,Az1,Gx2,Gy2,Gz2,Ax2,Ay2,Az2,Gx3,Gy3,Gz3,Ax3,Ay3,Az3,Gx4,Gy4,Gz4,Ax4,Ay4,Az4,
0,-1.81,0.5,-0.39,0.49,0.88,0.27,-1.95,0.51,0.02,0.44,0.82,0.43,-2.14,-0.31,0.08,0.37,0.97,0.25,-1.98,-0.35,0.39,0.28,0.97,0.05,1.02,-1.4,0.03,-0.67,0.43,-0.86
1,-2.18,-1.41,-0.41,0.46,0.98,0.26,-3.82,-1.37,-1.39,0.38,0.94,0.47,-1.62,-1.24,-1.09,0.3,1.04,0.26,-0.6,-1.11,-0.83,0.24,1.01,0.07,1.54,-0.67,0.5,-0.7,0.44,-0.84
2,-0.02,-1.37,-2.55,0.42,1.06,0.27,-1.53,-0.47,-3.35,0.37,0.96,0.51,2.11,-0.7,-4.28,0.26,1.13,0.27,2.23,-1.29,-3.27,0.23,1.08,0.04,2.02,2.2,1.73,-0.76,0.44,-0.85
3,3.38,-1.28,-7.09,0.44,1.13,0.28,2.19,-0.32,-5.11,0.35,1.01,0.54,3.31,-1.69,-5.94,0.24,1.15,0.32,4.25,-1.95,-6.79,0.16,1.16,0.05,3.21,3.53,2.01,-0.78,0.46,-0.98
4,5.11,-2.53,-11.54,0.24,1.2,0.3,2.44,1.03,-9.02,0.31,0.94,0.57,4.18,-3.04,-16.31,0.12,1.22,0.31,5.27,-2.85,-14.18,0.05,1.26,0.06,5.8,2.47,0.37,-0.82,0.43,-1.0
5,4.69,-2.08,-16.4,0.32,1.12,0.32,-0.24,0.89,-11.11,0.27,0.97,0.53,4.42,-0.73,-16.92,0.2,1.11,0.35,5.88,-2.15,-16.19,0.17,1.1,0.07,7.56,3.8,-1.15,-0.76,0.46,-1.01
6,4.81,-1.05,-17.96,0.27,1.1,0.22,0.35,2.47,-12.36,0.32,0.96,0.53,5.79,-0.21,-21.97,-0.01,1.27,0.17,7.22,-1.67,-22.24,-0.0,1.26,-0.08,7.58,3.93,-0.62,-0.72,0.46,-0.9
7,8.63,-1.86,-30.32,0.02,1.42,0.07,0.44,1.37,-18.79,0.1,1.18,0.51,9.84,-5.63,-43.84,-0.63,1.85,0.01,14.01,-6.45,-45.0,-0.49,1.87,-0.23,6.99,0.79,-4.57,-0.94,0.45,-0.95
8,17.19,-4.49,-49.31,-0.05,1.73,0.01,-0.57,1.82,-35.79,0.05,1.57,0.49,23.37,0.02,-51.11,0.11,1.41,0.41,26.01,-1.03,-47.18,0.21,1.09,0.15,12.63,6.84,-6.79,-0.66,0.36,-1.23
9,20.08,-4.01,-36.51,0.17,1.23,0.26,5.85,2.53,-31.89,0.14,1.06,0.76,13.85,-1.64,-24.5,0.1,1.01,0.13,15.69,0.36,-29.3,-0.06,0.85,-0.1,13.85,14.34,-2.37,-0.7,0.3,-1.01
10,12.4,-0.47,-30.53,-0.25,1.07,0.17,17.08,-19.71,18.73,-0.29,-0.03,0.08,12.86,-3.81,-31.15,-0.95,1.35,-0.05,11.16,-1.61,-29.05,-0.93,1.35,-0.24,12.37,10.52,-4.54,-0.81,0.29,-0.98
11,15.97,-1.4,-42.15,-0.72,1.52,-0.3,2.45,3.89,-36.19,-0.67,1.49,0.53,17.05,3.93,-57.79,-0.51,1.39,0.16,21.2,0.9,-46.92,-0.49,0.89,0.04,16.69,6.21,-7.8,-0.55,0.13,-1.06
12,19.3,-4.71,-42.3,-0.15,0.97,-0.0,6.58,5.51,-42.17,-0.06,1.41,0.47,17.02,6.6,-33.37,-0.19,0.63,0.09,17.6,3.77,-29.58,-0.37,0.47,-0.4,14.19,17.12,-2.85,-0.42,0.09,-1.05
13,16.41,0.2,-32.47,-0.58,0.91,0.03,10.48,9.69,-32.66,-0.21,0.86,0.42,15.85,5.98,-38.75,-1.04,0.88,-0.14,17.21,6.06,-21.76,-0.99,0.73,-0.36,13.01,14.87,-0.18,-0.57,0.01,-1.01
14,17.84,3.02,-35.31,-0.66,0.81,-0.15,9.41,5.63,-31.59,-0.27,0.8,0.26,14.69,5.26,-44.42,-0.91,0.67,0.01,21.18,7.24,-27.27,-0.87,0.5,-0.21,14.53,13.97,-3.27,-0.59,-0.03,-1.05
15,17.2,3.95,-30.08,-0.63,0.54,0.02,6.4,4.25,-24.15,-0.41,0.77,0.37,12.1,7.43,-33.49,-0.56,0.24,0.04,15.09,0.71,-29.48,-0.75,0.3,-0.33,16.81,18.19,-4.56,-0.44,-0.11,-1.05
16,13.79,1.49,-28.37,-0.76,0.44,-0.1,4.6,1.96,-24.7,-1.22,0.29,0.31,10.85,5.41,-33.0,-0.9,0.29,-0.17,15.52,3.11,-33.44,-0.92,0.31,-0.41,15.93,12.63,-6.21,-0.43,-0.13,-1.05
17,13.55,0.6,-32.44,-0.8,0.46,-0.2,6.24,6.78,-30.34,-0.62,0.71,0.25,12.27,6.53,-33.44,-0.89,0.15,-0.16,16.58,3.65,-30.3,-0.76,0.03,-0.21,15.89,13.56,-7.76,-0.39,-0.2,-0.98
18,12.4,-0.29,-31.45,-0.78,0.18,-0.09,0.95,4.08,-29.35,-0.69,0.41,0.32,9.27,7.22,-33.15,-0.86,0.01,-0.14,15.43,5.04,-31.11,-0.84,-0.01,-0.47,15.08,11.28,-10.25,-0.42,-0.26,-0.91
19,11.89,0.82,-39.74,-0.91,0.23,-0.27,4.24,10.85,-38.73,-0.67,0.51,0.16,14.05,11.17,-37.47,-0.79,-0.08,-0.23,17.08,9.24,-41.21,-0.84,-0.12,-0.29,19.78,17.72,-10.26,-0.13,-0.29,-0.92
20,17.95,11.67,-33.16,-0.38,-0.32,-0.03,3.6,6.73,-2.32,-0.23,0.45,0.07,9.68,8.1,-29.81,-0.24,-0.45,-0.14,15.05,14.49,-30.11,-0.3,-0.52,-0.34,12.5,12.2,-6.91,-0.06,-0.43,-0.67
21,12.3,6.94,-36.4,-0.54,-0.25,-0.25,-2.45,5.69,-26.56,-0.72,0.12,0.01,8.4,13.11,-33.38,-0.34,-0.4,-0.38,12.31,8.4,-24.15,-0.27,-0.59,-0.56,13.62,5.96,-7.17,0.12,-0.43,-0.83
22,18.26,12.53,-33.84,-0.17,-0.63,-0.06,12.79,11.82,-29.72,-0.5,-0.17,-0.11,12.95,8.82,-22.98,-0.01,-0.69,-0.04,14.97,4.15,-19.23,-0.23,-0.76,-0.13,14.66,8.98,-7.08,0.04,-0.49,-0.68
23,12.62,5.96,-23.77,-0.28,-0.58,-0.11,2.38,11.37,-26.05,-0.59,-0.2,-0.01,7.55,-0.58,-22.76,-0.07,-0.64,-0.12,8.85,-4.09,-17.38,-0.09,-0.7,-0.21,10.76,-3.27,-6.44,0.14,-0.49,-0.53
24,11.21,-1.19,-21.56,-0.11,-0.62,-0.14,0.86,9.28,-33.7,-0.39,-0.48,-0.07,7.73,-0.85,-14.45,0.09,-0.75,0.05,9.43,-0.29,-15.55,-0.01,-0.78,-0.07,9.21,0.52,-8.4,0.15,-0.52,-0.5
25,6.11,-0.11,-11.91,0.13,-0.81,0.2,1.45,10.03,-17.05,-0.17,-0.72,-0.2,2.53,-1.5,-7.95,0.53,-0.75,0.08,64.85,-0.24,-7.4,0.37,-0.89,0.14,1.82,-3.32,-5.78,0.49,-0.59,-0.32
26,2.08,0.31,-5.31,0.34,-0.83,0.05,-1.71,2.65,-8.62,-0.12,-0.84,-0.29,-0.6,1.11,1.71,0.61,-0.82,0.04,-0.61,3.57,3.86,0.42,-0.97,0.08,-3.05,-5.75,-2.16,0.44,-0.66,-0.44
27,-2.28,-0.15,2.3,0.24,-0.98,0.1,-1.73,-1.6,0.76,-0.41,-0.85,-0.34,-2.72,-4.95,7.95,0.38,-1.05,0.04,-4.49,-5.35,4.06,0.14,-1.09,-0.24,-5.06,-10.13,0.64,0.66,-0.81,-0.71
28,-7.05,-8.22,8.79,0.09,-1.18,-0.09,-8.78,-14.77,8.12,-0.57,-0.99,-0.43,-2.03,-9.53,6.27,0.11,-1.16,-0.46,-6.97,-14.92,8.36,0.14,-1.3,-0.51,-4.27,-15.58,3.84,0.75,-0.86,-1.07
29,-2.16,-11.4,3.12,-0.18,-1.25,-0.43,-6.56,-17.03,1.51,-1.01,-0.78,-0.49,0.08,-0.99,4.63,-0.06,-1.32,-0.42,-1.28,-4.5,5.01,-0.24,-1.38,-0.56,-0.67,-6.76,1.62,0.34,-0.94,-1.34
30,-0.29,0.95,5.66,-0.27,-1.33,-0.29,3.26,1.15,5.1,-1.11,-0.75,-0.33,-0.56,2.22,5.17,-0.26,-1.28,-0.26,-1.36,3.14,4.52,-0.29,-1.29,-0.39,-2.47,0.94,1.15,0.23,-0.9,-0.99
31,-0.68,4.8,1.5,-0.59,-1.14,-0.26,2.74,4.82,1.45,-1.03,-0.7,-0.16,-0.31,4.31,0.24,-0.46,-1.1,-0.29,0.37,4.88,0.31,-0.47,-1.1,-0.45,-0.22,6.87,0.66,0.07,-0.78,-0.97
32,0.33,3.76,-0.71,-0.41,-1.0,-0.13,2.19,4.54,-0.09,-0.81,-0.61,-0.08,-0.66,3.42,-0.06,-0.18,-0.95,-0.08,-0.45,4.12,-0.57,-0.26,-1.0,-0.22,-0.99,5.55,-0.47,0.11,-0.72,-0.83
33,-0.33,5.1,-0.66,-0.29,-0.84,-0.09,1.07,3.73,0.25,-0.79,-0.52,-0.17,-0.53,1.8,-0.98,-0.19,-0.92,-0.24,0.51,1.54,-0.72,-0.31,-0.94,-0.32,0.2,1.76,-1.05,0.09,-0.67,-0.83
34,0.73,-0.14,-1.97,-0.3,-0.86,-0.08,-0.64,0.25,-1.54,-0.64,-0.63,-0.08,-0.47,-0.87,-1.48,-0.11,-0.86,-0.07,-0.53,-0.93,-2.34,-0.21,-0.92,-0.27,-0.59,1.31,-1.31,0.21,-0.67,-0.76
35,-1.08,-0.13,-2.09,-0.2,-0.85,-0.13,-1.63,-1.95,0.05,-0.66,-0.6,-0.24,-1.88,1.68,-0.76,0.0,-0.93,-0.22,0.73,2.63,-0.78,-0.02,-1.05,-0.36,-0.71,1.67,-0.08,0.32,-0.73,-0.79
36,-2.08,-0.01,7.87,0.06,-1.16,0.04,1.63,1.86,6.86,-0.54,-0.92,-0.19,-0.21,-2.45,7.37,0.19,-1.07,-0.06,0.0,-1.21,3.01,0.03,-1.19,-0.27,-0.06,-2.16,-2.7,0.37,-0.84,-0.95
37,-7.37,-4.46,11.49,-0.06,-1.09,-0.22,-3.2,-8.13,14.2,-0.74,-0.78,-0.35,0.33,-3.75,15.84,0.31,-1.15,-0.26,0.09,-5.44,13.33,0.41,-1.39,0.03,-0.62,0.2,-0.5,0.69,-0.87,-0.63
38,-3.14,-3.16,12.66,0.07,-1.41,0.01,0.44,-6.27,17.08,-0.84,-0.86,-0.26,-3.6,19.62,40.27,0.81,-1.38,0.68,-18.71,-6.74,60.39,0.83,-1.19,-0.25,-5.39,2.92,-3.91,-0.01,-0.97,-1.34
39,-16.93,16.18,55.18,0.59,-1.04,0.91,5.24,8.24,41.61,-0.02,-0.84,0.01,-33.22,-19.23,37.34,-1.74,0.18,-1.57,-26.08,-26.95,80.02,-0.76,-0.02,-0.81,6.16,-10.08,-4.0,0.51,-0.71,-0.49
40,-34.79,-6.74,43.17,-0.69,-0.37,-0.16,-14.18,10.24,26.32,-0.96,0.14,0.1,-36.88,-10.92,107.01,1.35,-0.42,1.59,-32.08,0.45,134.76,0.85,-0.12,0.96,3.75,0.83,-6.82,0.22,-0.75,-0.9
41,-109.02,-6.03,174.04,1.98,0.48,0.81,-61.64,-10.02,41.5,-1.49,0.08,0.01,-85.93,-31.79,86.6,-1.26,2.0,-0.98,-35.26,42.15,103.73,-0.23,1.88,-0.54,1.98,-21.95,-5.01,0.49,-0.52,-0.16
42,-54.15,-15.82,73.77,-1.38,2.0,-0.22,-37.12,-6.15,84.6,2.0,2.0,-1.6,-33.95,20.93,71.0,-0.54,1.46,-0.75,-41.85,13.7,91.52,-0.25,0.9,0.18,2.18,3.6,3.7,0.34,-0.63,-0.16
43,-28.11,8.02,99.11,-0.01,0.37,-0.11,-4.4,8.42,62.55,1.32,-0.81,1.99,-92.44,-17.43,99.47,0.54,1.02,0.16,-52.85,28.4,91.77,0.09,1.42,-0.1,-10.4,-15.9,5.31,-0.08,-0.37,-0.9
44,-24.18,-5.37,53.33,-0.4,1.51,-0.28,-21.55,15.21,34.11,-1.25,1.03,0.17,4.31,41.68,21.55,0.77,1.1,1.67,-6.24,16.56,45.18,1.06,-0.44,1.05,-5.46,-3.27,2.53,0.23,-0.54,-0.58
45,-36.69,8.55,60.56,0.64,0.13,-0.15,-36.5,-16.14,56.88,0.35,0.64,0.04,-53.06,3.42,38.16,-0.31,0.48,-0.02,-22.53,38.12,29.64,0.19,0.33,0.11,-2.88,-23.14,7.4,0.45,-0.28,-0.78
46,-28.63,13.41,36.02,0.34,0.41,0.42,-27.29,-13.64,44.44,0.31,0.72,0.49,-31.45,9.04,18.16,0.5,0.69,0.45,-14.15,9.66,16.27,1.04,0.32,0.14,0.54,-9.0,5.41,-0.29,-0.27,-0.5
47,-11.98,2.66,16.8,1.19,0.19,0.4,-14.82,-14.29,20.06,1.27,0.49,0.43,-23.77,-10.28,11.13,0.52,0.36,0.59,-14.05,-11.53,17.94,0.82,0.05,0.49,-12.12,-9.73,10.05,-0.24,-0.53,-1.29
48,13.76,19.16,23.0,2.0,-0.87,2.0,4.67,64.63,-55.79,0.49,-1.46,2.0,-11.32,5.66,11.6,0.72,0.21,1.29,-10.74,7.65,7.91,1.14,0.26,0.77,-3.12,-3.27,2.78,-0.67,-0.65,-1.3
49,-18.67,18.74,-5.08,0.87,0.43,1.12,-34.57,13.82,-8.36,0.43,1.38,1.1,-2.18,0.9,2.19,0.81,0.4,1.04,-0.44,5.93,-0.11,1.12,0.23,0.67,-0.98,5.85,-1.59,-0.31,-0.83,-1.32
50,-3.6,-5.01,2.79,0.79,0.1,1.01,6.63,-7.26,3.44,0.46,0.58,0.92,-6.03,-3.47,0.55,0.6,0.46,1.12,-4.34,0.43,1.56,1.13,0.38,0.76,-0.52,-0.85,-0.4,-0.37,-0.86,-1.37
51,-3.67,1.35,-1.15,0.91,0.41,1.08,-3.17,-0.34,-0.85,0.24,0.96,1.09,2.1,0.1,-1.94,0.69,0.58,1.07,1.69,-0.92,-2.79,1.14,0.35,0.61,0.7,2.88,-2.15,-0.22,-0.79,-1.22
52,3.73,-0.24,-2.33,0.84,0.29,0.92,2.63,3.05,-4.61,0.23,0.63,0.86,0.73,-0.02,-2.04,0.55,0.4,0.92,-0.76,0.3,-1.5,0.92,0.26,0.53,0.99,1.63,0.85,-0.04,-0.69,-1.1
53,-0.59,0.85,-1.04,0.74,0.28,0.77,0.36,-0.59,-0.21,0.14,0.61,0.75,1.3,0.73,-1.69,0.54,0.46,0.84,1.92,-1.15,-2.63,0.89,0.29,0.5,0.19,3.07,-1.84,-0.26,-0.64,-1.0
54,4.47,-0.85,-2.76,0.7,0.24,0.73,4.69,4.49,-4.25,0.19,0.58,0.74,3.5,-0.2,-1.24,0.46,0.28,0.73,1.83,-0.27,-1.23,0.74,0.14,0.44,0.54,1.38,-0.87,-0.12,-0.58,-0.96
55,0.4,0.79,-0.54,0.63,0.15,0.62,-1.48,1.89,0.38,0.2,0.55,0.63,-0.18,0.95,-0.56,0.49,0.3,0.67,0.9,0.03,-1.05,0.79,0.16,0.38,-0.47,1.37,-0.6,-0.18,-0.51,-0.9
56,2.19,-1.04,-1.82,0.7,0.21,0.64,3.14,2.3,-2.5,0.23,0.57,0.68,3.15,-1.04,-1.15,0.48,0.29,0.68,2.05,-2.0,-1.39,0.74,0.14,0.39,-0.34,3.11,-1.73,-0.15,-0.54,-0.91
57,1.41,-1.25,-1.03,0.59,0.11,0.58,1.14,0.4,-1.72,0.18,0.47,0.57,-1.05,1.9,-0.15,0.38,0.24,0.52,-0.27,1.37,0.17,0.71,0.18,0.37,0.73,-1.07,0.02,-0.05,-0.54,-0.9
58,-1.64,2.15,-0.35,0.63,0.26,0.58,-3.3,-0.17,1.03,0.12,0.63,0.6,0.19,0.93,-0.34,0.48,0.42,0.62,0.92,-0.27,-0.61,0.77,0.28,0.33,-0.63,1.26,-0.42,-0.08,-0.56,-0.93
59,1.18,-1.71,-0.91,0.7,0.25,0.57,2.39,0.16,-2.02,0.2,0.62,0.62,-0.48,-2.02,-0.59,0.45,0.38,0.64,-1.15,-1.4,0.47,0.76,0.26,0.37,-0.57,0.8,1.0,-0.02,-0.6,-0.99
60,-1.93,-0.37,0.27,0.6,0.29,0.61,-2.22,-1.32,0.29,0.07,0.61,0.61,-2.15,1.33,-0.1,0.44,0.45,0.72,-0.64,1.66,1.91,0.81,0.33,0.41,0.5,-0.51,0.18,-0.09,-0.62,-0.96
61,-0.57,1.05,-1.07,0.7,0.35,0.68,-0.37,0.82,-1.08,0.1,0.71,0.7,0.89,-0.63,-0.43,0.47,0.43,0.71,0.48,-1.1,-0.07,0.8,0.27,0.38,-1.03,1.27,0.47,-0.01,-0.61,-0.92
62,-0.22,-1.6,-0.27,0.67,0.26,0.64,0.47,-1.39,-0.66,0.15,0.64,0.68,-1.18,-1.1,-0.12,0.48,0.39,0.71,-1.01,-0.6,0.53,0.83,0.28,0.43,-0.66,0.21,1.13,-0.12,-0.64,-1.05
63,-1.15,-1.95,-0.61,0.69,0.3,0.69,-1.43,-0.58,-0.23,0.12,0.69,0.72,-0.47,0.01,-0.56,0.49,0.41,0.76,-0.51,0.23,-0.26,0.84,0.27,0.45,0.19,0.28,0.66,-0.1,-0.61,-1.03
64,-0.58,0.11,-0.63,0.68,0.25,0.65,-0.99,-0.18,-0.79,0.15,0.65,0.7,-0.68,0.13,-0.9,0.49,0.41,0.71,-0.79,-0.28,-0.47,0.8,0.25,0.39,-0.24,1.4,1.15,-0.04,-0.6,-0.95
65,-0.08,-0.82,-1.05,0.65,0.28,0.65,0.6,0.43,-1.5,0.11,0.61,0.67,-0.27,-0.29,-0.54,0.44,0.35,0.69,-0.34,-0.2,-0.07,0.78,0.22,0.42,-0.43,1.03,0.53,-0.14,-0.61,-0.95
66,-0.98,-0.08,-0.69,0.65,0.25,0.67,-0.98,-0.77,-0.34,0.13,0.62,0.69,-0.26,-0.41,-0.6,0.46,0.38,0.74,-0.17,-0.25,-0.33,0.79,0.25,0.45,-0.05,0.63,-0.04,-0.12,-0.62,-0.98
67,0.06,-0.05,-0.63,0.61,0.25,0.68,-0.5,0.0,-0.19,0.1,0.58,0.64,-0.51,0.34,-0.16,0.45,0.36,0.67,-0.46,0.44,0.47,0.75,0.23,0.38,-0.09,-0.53,0.6,-0.04,-0.59,-0.94
68,-1.4,0.11,0.22,0.62,0.26,0.67,-1.57,-0.43,0.08,0.09,0.62,0.65,-1.49,0.86,0.26,0.43,0.39,0.71,-0.47,1.31,0.56,0.77,0.28,0.41,-0.07,-0.53,0.78,-0.11,-0.61,-0.93
69,-0.93,0.56,-0.18,0.67,0.3,0.67,-1.04,-0.25,1.95,0.12,0.67,0.69,-0.02,-0.34,-0.24,0.48,0.43,0.72,0.39,-0.85,-0.15,0.8,0.27,0.42,-0.79,0.53,0.14,-0.1,-0.63,-0.96
70,0.44,-0.98,-0.44,0.64,0.25,0.67,0.37,0.12,-0.66,0.13,0.61,0.67,-0.47,-0.36,-0.15,0.45,0.39,0.73,-0.41,-0.29,0.54,0.78,0.26,0.43,-0.36,-0.22,0.78,-0.08,-0.64,-0.99
71,-0.9,0.29,0.14,0.64,0.27,0.68,-1.6,1.94,0.37,0.1,0.64,0.7,-0.98,0.97,0.29,0.46,0.41,0.75,-0.08,0.98,0.38,0.81,0.27,0.45,0.05,-0.83,0.36,-0.12,-0.63,-0.99
72,-0.56,0.81,-0.2,0.69,0.28,0.7,-1.08,0.31,1.91,0.15,0.67,0.71,-0.52,-0.08,-0.11,0.48,0.4,0.73,-0.08,-0.3,0.14,0.81,0.27,0.43,-0.4,0.62,0.23,-0.13,-0.63,-0.99
73,0.02,-0.66,-0.48,0.67,0.29,0.69,0.24,0.37,-1.07,0.12,0.62,0.7,-0.24,0.15,-0.15,0.45,0.36,0.75,-0.08,0.44,0.01,0.8,0.24,0.41,-0.27,0.18,0.32,-0.1,-0.62,-0.95
74,-0.61,0.06,-0.37,0.66,0.26,0.67,-0.68,-0.27,-0.45,0.13,0.62,0.69,-0.31,-0.03,0.11,0.44,0.36,0.73,-0.18,0.66,0.52,0.77,0.24,0.45,0.04,-0.23,0.0,-0.12,-0.61,-0.96
75,-0.45,0.69,0.2,0.65,0.25,0.68,-1.63,-0.09,0.34,0.12,0.62,0.71,-0.44,0.83,0.19,0.44,0.36,0.72,0.06,0.62,0.27,0.79,0.24,0.4,-0.35,0.12,0.22,-0.06,-0.59,-0.9
