Time,Gx0,Gy0,Gz0,Ax0,Ay0,Az0,Gx1,Gy1,Gz1,Ax1,Ay1,Az1,Gx2,Gy2,Gz2,Ax2,Ay2,Az2,Gx3,Gy3,Gz3,Ax3,Ay3,Az3,Gx4,Gy4,Gz4,Ax4,Ay4,Az4,
0,2.99,-3.76,-1.6,0.08,0.79,0.3,3.23,-2.44,-0.9,-0.12,0.78,0.33,2.75,-1.0,-4.6,0.06,0.75,0.35,3.86,1.22,-0.5,-0.24,0.66,0.16,3.34,1.92,-0.34,-0.4,0.66,-0.32
1,4.22,-1.21,0.47,0.11,0.8,0.34,3.71,-0.18,2.29,-0.19,0.8,0.35,3.61,1.46,-0.37,0.16,0.68,0.52,2.13,3.27,2.37,-0.25,0.71,0.17,0.68,4.27,1.79,-0.4,0.72,-0.43
2,2.64,0.44,2.1,0.12,0.86,0.28,1.99,0.39,3.61,-0.1,0.77,0.44,3.63,1.15,-0.42,0.05,0.82,0.39,2.49,1.85,1.85,-0.33,0.8,0.02,-0.02,1.61,1.79,-0.47,0.76,-0.51
3,3.61,-3.44,2.62,0.11,0.9,0.26,2.73,-2.67,2.95,-0.18,0.83,0.4,4.47,-0.27,-3.0,-0.01,1.03,0.59,4.02,-0.96,1.48,-0.36,0.86,0.15,1.15,0.05,1.45,-0.52,0.74,-0.52
4,1.2,-3.16,1.23,-0.1,0.96,0.42,0.71,-1.9,-0.11,-0.41,0.86,0.4,0.24,-0.04,-0.11,-0.06,0.84,0.72,0.01,0.21,2.27,-0.54,0.89,0.3,1.44,2.66,0.93,-0.69,0.85,-0.62
5,-1.32,0.23,-2.43,-0.26,1.09,0.31,-0.47,1.98,-3.91,-0.54,1.02,0.23,-2.27,3.68,-2.33,-0.28,0.93,0.64,-0.38,2.46,-3.73,-0.72,0.96,0.07,4.76,2.11,-1.51,-0.68,0.81,-0.63
6,1.5,3.37,-5.26,-0.03,1.02,0.3,2.17,3.55,-3.67,-0.27,0.91,0.45,-1.09,3.69,-3.85,-0.02,0.87,0.52,0.8,0.97,-4.96,-0.31,0.82,0.15,3.85,-0.72,-2.03,-0.56,0.78,-0.5
7,-0.02,0.98,-3.92,0.09,0.93,0.37,-0.06,1.33,-2.51,-0.16,0.86,0.48,-1.61,0.84,-0.79,0.13,0.78,0.5,-0.16,-0.96,-1.92,-0.32,0.78,0.17,0.06,-1.66,-1.0,-0.52,0.71,-0.47
8,-1.96,-0.75,-3.87,0.03,0.88,0.32,-2.39,0.06,-1.75,-0.25,0.8,0.39,-3.88,-0.95,0.52,-0.08,0.84,0.46,-3.06,-1.82,1.87,-0.38,0.76,0.09,-2.32,-2.82,-0.04,-0.52,0.75,-0.63
9,-2.92,-1.7,-2.58,0.03,0.95,0.18,-1.83,-1.63,-3.19,-0.22,0.88,0.29,-2.28,-2.6,-2.6,-0.15,0.88,0.39,-0.11,-3.58,-3.19,-0.46,0.82,0.01,1.07,-4.5,-1.59,-0.47,0.72,-0.66
10,-1.52,-3.02,-3.08,-0.06,0.99,0.17,-0.44,-2.21,-3.81,-0.29,0.91,0.26,-1.39,-1.53,-2.69,-0.09,0.83,0.45,0.6,-2.14,-1.8,-0.43,0.78,0.08,1.24,-1.95,-0.7,-0.53,0.7,-0.5
11,-0.46,-1.02,-1.6,0.01,0.93,0.25,-0.21,-0.5,-1.33,-0.25,0.9,0.32,-0.63,-0.09,-0.47,-0.04,0.8,0.5,0.11,0.11,0.29,-0.4,0.76,0.15,-0.14,0.07,-0.19,-0.53,0.72,-0.47
12,-0.08,0.06,0.04,-0.01,0.96,0.28,-0.3,0.47,0.4,-0.27,0.91,0.34,0.47,0.18,-0.1,-0.08,0.88,0.49,0.48,0.62,-0.37,-0.49,0.86,0.05,-0.5,0.46,-0.72,-0.58,0.79,-0.65
13,0.73,0.08,0.63,-0.05,1.08,0.26,0.17,0.45,0.8,-0.3,1.02,0.33,1.22,0.28,-0.13,-0.12,0.97,0.52,1.48,0.76,-0.01,-0.56,0.93,0.07,1.44,0.1,-2.44,-0.7,0.83,-0.71
14,1.24,-0.5,-0.18,-0.15,1.18,0.27,1.15,0.45,-1.38,-0.47,1.07,0.33,0.73,0.21,-2.19,-0.3,1.06,0.69,1.33,0.37,-2.29,-0.8,1.03,0.15,2.27,-0.48,-3.79,-0.82,0.88,-0.91
15,0.7,0.98,-1.98,-0.31,1.28,0.3,1.23,2.2,-3.81,-0.62,1.14,0.34,-2.76,1.63,-4.33,-0.39,1.1,0.8,-0.98,-1.04,-5.24,-0.86,1.12,0.08,4.86,-3.05,-6.26,-0.98,0.93,-1.01
16,-2.35,0.43,-9.32,-0.44,1.28,0.39,0.95,1.92,-11.69,-0.83,1.13,0.42,-9.05,0.34,-7.08,-0.5,1.03,1.1,-3.6,-5.53,-11.26,-1.12,1.17,0.18,8.9,-9.68,-14.05,-1.24,0.97,-1.12
17,-9.2,1.46,-17.28,-0.67,1.35,0.8,-6.16,7.37,-26.81,-1.15,1.11,0.55,-20.52,3.35,-8.52,-0.57,1.07,1.43,-9.28,-9.39,-20.14,-1.3,1.12,0.6,8.75,-11.31,-19.84,-1.47,0.81,-0.74
18,-17.73,13.48,-24.89,-0.81,1.5,0.93,-18.31,17.15,-31.95,-1.29,1.02,0.55,-26.08,19.83,-8.15,-0.51,0.82,1.54,-18.41,-2.42,-20.17,-1.05,0.86,0.7,7.11,-13.97,-25.94,-1.31,0.65,-0.65
19,-22.2,32.82,-32.57,-0.8,1.07,1.22,-30.97,33.95,-47.6,-1.49,0.57,0.95,-44.29,30.11,11.41,-0.02,0.96,1.99,-27.77,-2.66,-15.92,-0.94,0.46,1.07,2.02,-20.66,-32.6,-1.35,0.47,-0.31
20,-49.61,36.25,-27.87,-1.0,0.62,0.91,-60.54,35.65,-35.86,-1.3,-0.07,0.62,-56.05,34.47,12.32,-1.1,0.57,1.07,-39.34,5.57,-15.3,-1.02,0.33,1.33,-8.11,-23.51,-40.08,-1.28,0.24,0.2
21,-55.24,44.77,-25.45,-1.02,0.15,1.33,-70.57,49.21,-35.73,-1.28,-0.7,0.8,-61.5,49.21,29.8,-0.74,-0.15,1.35,-46.64,10.35,-13.45,-0.4,-0.03,1.32,-18.79,-26.83,-40.28,-1.1,0.09,0.46
22,-73.03,44.21,-8.86,-0.69,-0.42,0.94,-81.44,31.51,-32.79,-0.86,-0.99,0.25,-69.11,40.65,29.75,-0.46,-0.3,0.62,-59.9,11.3,-2.5,-0.25,-0.13,1.54,-29.37,-33.66,-40.95,-0.75,0.07,0.46
23,-65.82,45.39,-5.08,-0.74,-0.52,0.33,-71.72,27.05,-25.27,-0.52,-1.05,-0.02,-64.72,38.63,31.73,-0.17,-0.56,0.55,-62.03,10.92,0.79,0.08,-0.02,0.98,-35.84,-36.83,-29.15,-0.44,-0.09,0.79
24,-76.52,38.79,-2.95,-0.33,-0.76,0.65,-84.83,11.18,-29.27,-0.29,-1.18,0.13,-77.54,28.77,40.05,0.09,-0.65,0.16,-64.78,8.46,13.66,0.48,-0.12,1.25,-45.75,-36.95,-19.02,-0.39,-0.0,0.77
25,-72.5,21.85,1.14,-0.31,-0.48,-0.08,-68.9,2.56,-21.11,-0.15,-0.66,-0.37,-63.61,21.77,35.08,-0.11,-0.42,0.24,-61.26,5.86,17.31,0.29,0.12,0.64,-44.3,-37.41,-9.1,-0.35,0.0,0.49
26,-68.95,16.76,-5.81,-0.25,-0.46,0.39,-64.51,-4.68,-28.07,-0.19,-0.65,0.16,-68.36,9.03,28.35,0.01,-0.3,0.26,-57.47,-2.56,24.13,0.18,0.23,0.48,-45.85,-32.89,4.21,-0.31,0.12,0.47
27,-64.37,2.89,-5.36,-0.23,-0.14,0.36,-49.92,-15.47,-26.21,-0.4,-0.39,0.29,-52.17,-5.82,20.33,-0.19,-0.02,0.37,-42.37,-7.29,29.22,-0.17,0.68,0.44,-40.5,-21.38,10.12,-0.83,0.16,-0.17
28,-47.56,-7.51,-1.35,-0.65,0.24,0.57,-35.69,-15.95,-18.34,-0.95,-0.12,0.19,-37.87,-7.57,14.21,-0.4,0.26,0.89,-26.17,-6.73,15.53,-0.91,1.04,-0.1,-30.71,-13.05,11.56,-1.08,0.2,-0.66
29,-31.79,-6.04,-1.98,-0.79,0.43,0.8,-22.63,-12.11,-12.56,-1.11,-0.06,0.46,-24.99,-7.36,8.21,-0.37,0.35,0.97,-10.89,-4.23,13.02,-0.73,0.98,0.22,-17.14,-3.3,6.69,-1.19,0.08,-0.89
30,-15.69,-6.08,-0.07,-0.76,0.47,0.56,-9.84,-7.53,-5.95,-1.08,-0.01,0.19,-10.22,-5.04,3.4,-0.46,0.31,0.86,-2.67,-2.29,3.98,-0.85,0.7,0.12,-6.47,-2.47,2.49,-0.89,-0.2,-0.52
31,-7.47,-2.23,-0.74,-0.8,0.36,0.32,-7.81,-2.84,-3.66,-0.92,-0.0,-0.12,-6.14,-1.49,3.8,-0.64,0.23,0.47,-2.49,-1.24,1.53,-0.9,0.22,0.25,-3.34,-4.4,-1.27,-0.72,-0.46,-0.51
32,-4.08,1.16,-2.37,-0.86,0.33,0.05,-2.82,0.93,-2.37,-0.91,0.11,-0.27,-3.19,0.73,-0.32,-0.7,0.4,0.4,-2.43,-0.31,0.59,-0.95,0.13,0.01,-1.04,-2.05,-1.21,-0.71,-0.66,-0.37
33,-0.95,-0.15,-1.18,-0.86,0.43,0.02,-0.22,0.05,-0.87,-0.99,0.16,-0.33,-0.41,0.19,-0.81,-0.81,0.41,0.45,1.85,-0.06,-0.12,-1.02,0.04,0.12,-0.73,-0.48,-0.5,-0.77,-0.69,-0.33
34,-0.4,0.6,0.07,-0.92,0.37,0.02,-0.99,1.04,1.92,-1.01,0.07,-0.35,-0.28,1.89,-0.31,-0.82,0.36,0.49,-1.85,-0.03,-0.34,-0.99,0.13,0.04,0.09,-1.58,-1.18,-0.74,-0.64,-0.43
35,1.08,0.95,-0.65,-0.83,0.43,0.12,0.73,1.0,-0.05,-0.97,0.14,-0.15,1.03,0.04,-1.34,-0.64,0.4,0.5,1.0,-0.46,-0.63,-0.91,0.19,-0.02,0.36,0.56,0.09,-0.72,-0.67,-0.4
36,1.45,-1.39,-0.69,-0.84,0.46,0.05,1.51,-0.4,-0.17,-1.0,0.14,-0.3,0.77,-0.84,-1.3,-0.76,0.37,0.44,1.2,-0.45,-0.03,-0.96,0.04,0.08,0.77,0.25,0.07,-0.7,-0.72,-0.34
37,0.59,-0.88,-1.27,-0.9,0.39,-0.01,0.95,-0.08,-0.81,-0.97,0.12,-0.32,0.37,-0.32,-1.4,-0.75,0.36,0.45,1.92,-1.34,0.85,-0.94,0.09,0.05,0.55,-1.93,0.0,-0.72,-0.64,-0.34
38,1.3,-1.21,-0.91,-0.85,0.44,0.07,1.72,-0.32,-0.04,-0.97,0.13,-0.26,1.56,-1.15,-1.34,-0.75,0.35,0.45,1.53,-1.13,1.53,-0.97,0.08,0.09,1.36,1.47,-0.88,-0.76,-0.69,-0.33
