Time,Gx0,Gy0,Gz0,Ax0,Ay0,Az0,Gx1,Gy1,Gz1,Ax1,Ay1,Az1,Gx2,Gy2,Gz2,Ax2,Ay2,Az2,Gx3,Gy3,Gz3,Ax3,Ay3,Az3,Gx4,Gy4,Gz4,Ax4,Ay4,Az4,
0,-1.15,0.43,0.83,-0.53,0.42,0.68,-1.56,0.19,0.88,-0.72,0.19,0.57,-0.53,0.26,1.28,-0.27,0.2,0.85,-0.7,0.66,1.37,-0.67,0.13,0.61,-1.61,0.6,-0.07,-0.98,0.27,-0.21
1,-0.67,0.7,0.58,-0.55,0.46,0.65,-1.02,0.69,0.67,-0.75,0.21,0.56,-0.3,0.74,0.9,-0.28,0.21,0.85,-0.46,0.83,0.99,-0.68,0.14,0.62,-0.94,0.87,0.03,-0.95,0.26,-0.23
2,-0.31,0.47,1.95,-0.54,0.44,0.63,-0.58,0.53,0.08,-0.72,0.2,0.55,-0.32,0.62,0.27,-0.27,0.19,0.85,-0.23,0.78,0.48,-0.67,0.12,0.61,-0.47,0.67,0.05,-0.93,0.25,-0.2
3,-0.4,0.36,-0.37,-0.53,0.41,0.64,-0.67,0.48,-0.24,-0.72,0.17,0.54,-0.56,0.56,0.15,-0.25,0.17,0.83,-0.3,0.56,0.25,-0.64,0.1,0.6,-0.53,0.45,0.16,-0.92,0.24,-0.21
4,-0.54,0.15,-0.5,-0.52,0.4,0.62,-0.69,0.24,-0.42,-0.69,0.18,0.53,-0.6,0.16,-0.11,-0.27,0.18,0.82,-0.22,0.35,-0.03,-0.67,0.12,0.57,-0.25,0.03,-0.08,-0.92,0.24,-0.22
5,-0.39,-0.18,-0.75,-0.52,0.41,0.6,-0.43,0.05,-0.67,-0.71,0.18,0.53,-0.39,0.03,-0.46,-0.25,0.18,0.82,0.11,0.17,-0.1,-0.65,0.1,0.57,0.21,-0.03,0.01,-0.92,0.25,-0.2
6,-0.18,-0.24,-0.7,-0.52,0.41,0.61,-0.08,-0.02,-0.56,-0.72,0.18,0.53,-0.06,0.11,-0.47,-0.27,0.16,0.84,0.35,0.27,-0.02,-0.65,0.08,0.6,0.02,0.17,0.17,-0.93,0.24,-0.2
7,-0.14,-0.12,-0.66,-0.54,0.36,0.65,-0.23,0.02,-0.63,-0.73,0.14,0.55,-0.4,-0.06,-0.31,-0.25,0.13,0.84,-0.08,-0.05,-0.26,-0.66,0.05,0.6,0.03,-0.3,-0.02,-0.93,0.23,-0.2
8,-0.79,-0.53,-0.86,-0.53,0.36,0.62,-0.71,-0.43,-0.85,-0.71,0.14,0.52,-0.7,-0.5,-0.37,-0.26,0.14,0.83,-0.25,-0.31,-0.18,-0.65,0.05,0.6,-0.43,-0.65,-0.01,-0.93,0.21,-0.17
9,-0.89,-0.55,-0.47,-0.54,0.37,0.64,-0.93,-0.43,-0.34,-0.72,0.14,0.53,-0.52,-0.36,0.1,-0.26,0.14,0.83,-0.34,-0.18,0.35,-0.66,0.05,0.6,-0.92,-0.36,0.2,-0.96,0.22,-0.18
10,-0.88,-0.45,-0.22,-0.56,0.37,0.65,-1.03,-0.4,-0.01,-0.74,0.15,0.55,-0.65,-0.38,0.48,-0.26,0.14,0.85,-0.66,-0.17,0.56,-0.67,0.07,0.6,-1.08,-0.04,0.47,-0.93,0.23,-0.2
11,-1.18,-0.31,-0.05,-0.56,0.39,0.64,-1.32,-0.45,-0.09,-0.74,0.14,0.54,-0.9,-0.49,0.64,-0.28,0.15,0.86,-1.01,-0.34,0.42,-0.67,0.08,0.61,-1.44,-0.42,0.32,-0.94,0.24,-0.22
12,-1.76,-0.4,-0.27,-0.57,0.38,0.64,-1.92,-0.47,-0.4,-0.76,0.16,0.55,-1.66,-0.65,0.44,-0.3,0.17,0.87,-1.71,-0.25,-0.16,-0.72,0.12,0.61,-1.92,-0.79,0.18,-0.96,0.28,-0.27
13,-2.64,-0.13,-1.08,-0.59,0.42,0.64,-3.05,-0.3,-1.6,-0.78,0.17,0.54,-3.11,-1.18,-0.1,-0.33,0.2,0.87,-2.85,-1.01,-1.61,-0.75,0.17,0.56,-1.95,-1.79,0.11,-0.97,0.29,-0.36
14,-3.98,-1.11,-2.54,-0.64,0.46,0.62,-3.89,-1.33,-3.54,-0.84,0.21,0.49,-5.04,-2.37,-1.28,-0.43,0.24,0.91,-3.59,-1.53,-3.92,-0.89,0.21,0.59,-1.65,-3.05,-1.65,-1.08,0.33,-0.4
15,-5.7,-0.84,-5.37,-0.81,0.55,0.65,-4.71,-0.7,-8.1,-1.03,0.21,0.5,-5.95,-1.65,-3.9,-0.57,0.21,1.08,-5.62,-0.61,-7.76,-1.06,0.23,0.7,-0.48,-4.62,-7.53,-1.29,0.38,-0.5
16,-10.79,2.77,-11.4,-1.02,0.51,0.81,-10.33,0.89,-15.72,-1.25,0.04,0.65,-17.19,-1.67,-6.49,-0.65,0.1,1.3,-13.88,0.25,-12.71,-1.16,0.14,0.82,1.85,-6.67,-12.15,-1.43,0.29,-0.43
17,-13.95,3.99,-15.92,-1.12,0.49,0.86,-12.03,3.49,-18.22,-1.34,0.01,0.62,-20.15,1.8,-8.86,-0.72,-0.08,1.45,-20.84,4.72,-12.97,-1.29,-0.12,1.0,-0.31,-4.68,-22.01,-1.62,0.14,-0.18
18,-13.22,11.95,-16.37,-1.29,0.19,1.0,-14.21,9.84,-14.38,-1.35,-0.33,0.75,-24.14,6.71,-6.7,-0.49,-0.4,1.32,-37.34,2.89,-8.75,-1.1,-0.42,0.94,-1.37,1.34,-25.16,-1.38,-0.15,-0.05
19,-15.44,10.31,-17.25,-1.09,-0.06,0.87,-13.59,8.95,-15.87,-1.12,-0.48,0.67,-22.19,6.51,-6.95,-0.37,-0.55,1.16,-32.68,11.2,2.76,-0.89,-0.81,0.75,-3.13,2.48,-22.94,-1.25,-0.35,0.31
20,-16.84,13.39,-11.56,-0.96,-0.31,0.92,-14.65,11.63,-6.67,-1.03,-0.68,0.56,-20.55,11.66,-0.19,-0.21,-0.89,1.1,-33.06,15.5,10.89,-0.88,-1.1,0.57,-9.4,10.18,-19.08,-1.15,-0.38,0.21
21,-10.5,19.43,-3.34,-0.86,-0.61,0.91,-10.84,11.38,10.47,-0.78,-0.89,0.73,-17.21,12.38,3.18,-0.02,-0.92,0.93,-26.88,16.4,8.61,-0.78,-1.11,0.23,-12.9,8.3,-8.27,-1.05,-0.4,0.29
22,-14.35,12.91,-4.83,-0.72,-0.76,0.89,-18.07,11.71,-4.23,-0.62,-0.94,0.68,-17.75,9.51,5.39,0.21,-1.01,0.92,-19.28,16.28,12.13,-0.55,-1.19,0.23,-18.1,9.91,-0.45,-0.95,-0.46,0.53
23,-17.53,16.31,1.86,-0.53,-0.78,0.82,-21.55,13.93,4.01,-0.51,-0.91,0.61,-15.09,11.5,13.5,0.37,-0.94,0.76,-21.87,13.43,14.8,-0.49,-1.18,0.23,-24.7,9.78,-7.53,-0.97,-0.38,0.31
24,-19.42,17.44,7.15,-0.44,-0.8,0.75,-23.34,11.87,6.78,-0.45,-0.95,0.54,-17.82,8.3,17.29,0.3,-0.88,0.69,-25.32,11.0,13.96,-0.46,-0.94,0.14,-28.26,4.85,-11.98,-0.76,-0.37,0.21
25,-23.95,13.34,8.12,-0.36,-0.75,0.67,-27.69,8.53,7.76,-0.31,-0.8,0.48,-19.7,3.95,19.44,0.31,-0.53,0.38,-26.47,9.18,15.47,-0.29,-0.79,0.05,-30.95,7.92,-11.24,-0.6,-0.33,0.15
26,-23.47,12.26,11.08,-0.15,-0.4,0.35,-26.5,7.53,11.66,-0.18,-0.38,0.19,-17.44,3.85,22.11,0.2,-0.45,0.29,-25.8,6.11,16.56,-0.26,-0.59,0.01,-32.03,9.16,-11.86,-0.42,-0.27,0.02
27,-21.61,9.79,14.04,-0.21,-0.34,0.28,-25.59,7.47,13.76,-0.23,-0.32,0.18,-14.94,3.62,23.11,0.09,-0.24,0.2,-24.53,4.13,16.84,-0.21,-0.32,-0.01,-31.4,9.71,-12.39,-0.3,-0.1,-0.22
28,-20.98,10.99,16.08,-0.1,-0.05,0.18,-25.41,7.42,13.41,-0.19,-0.07,0.08,-14.76,1.5,24.36,-0.04,0.07,0.1,-25.32,1.43,17.63,-0.2,0.1,-0.06,-28.96,6.67,-6.42,-0.24,-0.01,-0.5
29,-20.7,6.6,15.0,-0.17,0.28,-0.05,-23.5,2.19,11.64,-0.34,0.27,-0.13,-11.44,-1.31,21.11,-0.44,0.3,-0.01,-20.44,-0.76,15.67,-0.37,0.36,-0.11,-23.32,6.49,-2.98,-0.23,0.06,-0.68
30,-15.02,3.29,13.84,-0.33,0.54,-0.22,-15.98,0.18,12.23,-0.49,0.51,-0.25,-5.96,-0.27,16.79,-0.65,0.39,0.03,-15.47,-1.77,13.32,-0.46,0.5,-0.0,-18.01,6.28,-1.44,-0.31,0.23,-0.84
31,-9.41,2.96,11.79,-0.46,0.66,-0.16,-11.13,0.05,10.56,-0.6,0.54,-0.16,-3.46,-1.44,12.77,-0.74,0.5,0.1,-9.28,-2.35,9.0,-0.59,0.7,0.06,-13.64,2.83,-0.96,-0.33,0.37,-1.04
32,-6.97,-1.28,7.46,-0.57,0.81,-0.25,-7.79,-2.79,5.35,-0.73,0.7,-0.3,-1.18,-3.73,5.98,-1.02,0.62,0.02,-6.57,-2.86,3.3,-0.79,1.13,-0.01,-4.27,-0.01,1.39,-0.39,0.54,-1.43
33,-3.27,-4.53,0.3,-0.84,1.05,-0.39,-2.03,-3.98,-2.95,-1.04,0.87,-0.44,0.03,-2.11,-1.76,-1.32,0.51,0.14,1.14,-1.31,1.22,-0.78,0.76,-0.02,0.95,-0.92,0.92,-0.43,0.19,-1.15
34,3.01,-0.4,-1.11,-0.76,0.77,-0.36,4.5,0.42,-1.0,-0.84,0.56,-0.47,4.2,0.24,-4.63,-1.15,0.33,0.02,5.12,-1.14,-3.42,-0.87,0.7,-0.2,7.44,-2.78,3.36,-0.51,0.05,-1.21
35,5.93,-4.01,-5.64,-0.9,0.47,-0.26,7.56,-3.85,-4.07,-0.96,0.18,-0.35,3.76,-2.65,-8.53,-0.95,-0.07,0.18,8.89,-2.23,-7.02,-0.95,0.28,-0.26,11.19,-6.75,4.73,-0.67,-0.19,-0.87
36,5.37,-5.33,-7.66,-0.93,0.07,-0.1,8.27,-3.77,-8.33,-0.95,-0.19,-0.29,4.68,-2.37,-9.18,-0.78,-0.5,0.37,7.2,-1.56,-5.68,-1.03,-0.28,-0.16,9.37,-5.08,5.7,-0.93,-0.37,-0.49
37,5.25,-2.36,-5.96,-1.07,-0.4,0.16,6.09,-0.95,-5.56,-1.02,-0.64,-0.07,2.53,-0.58,-5.83,-0.55,-0.93,0.57,3.33,-0.49,-3.27,-1.11,-0.64,-0.22,4.8,-3.34,0.89,-1.08,-0.56,-0.35
38,0.8,-0.34,-3.55,-1.15,-0.69,0.25,0.85,-0.44,-5.73,-1.05,-0.91,0.0,-1.42,-0.77,-1.85,-0.51,-1.1,0.59,-0.79,0.79,-1.61,-1.18,-0.75,-0.29,0.21,-1.39,-1.15,-1.12,-0.69,-0.25
39,-2.71,0.18,-1.25,-1.09,-0.73,0.25,-3.34,-0.18,-0.6,-0.96,-0.86,-0.01,-3.3,-0.08,2.83,-0.4,-1.08,0.58,-4.52,1.08,2.54,-1.06,-0.83,-0.21,-6.25,2.37,-1.97,-1.06,-0.59,-0.16
40,-5.63,3.68,4.08,-0.99,-0.64,0.25,-7.82,2.24,5.1,-0.88,-0.73,-0.0,-5.84,0.79,9.02,-0.43,-0.88,0.56,-9.05,1.21,5.4,-1.02,-0.5,-0.15,-11.7,3.68,-8.05,-0.92,-0.37,-0.45
41,-10.41,4.06,5.65,-1.02,-0.31,0.17,-13.5,1.83,5.92,-0.94,-0.4,-0.06,-9.6,-0.69,11.59,-0.64,-0.45,0.38,-11.23,1.69,5.75,-0.92,-0.05,-0.15,-13.54,3.05,-8.3,-0.71,-0.18,-0.76
42,-10.5,3.98,7.0,-0.79,0.21,-0.14,-12.51,1.97,7.12,-0.82,0.19,-0.29,-5.62,0.58,11.52,-0.81,0.07,0.08,-9.56,1.22,8.05,-0.74,0.55,-0.19,-7.39,3.82,38.16,0.04,0.89,-1.9
43,-4.82,-0.29,1.63,-0.79,0.9,-0.42,-5.81,-4.89,-6.92,-1.06,0.6,-0.14,-8.68,-11.51,-1.31,-1.67,0.91,-0.07,1.23,-0.47,-2.76,-0.92,0.55,0.02,0.63,-7.31,-10.64,-0.51,0.05,-0.76
44,-1.69,0.73,-0.61,-0.7,1.05,-0.66,3.94,9.38,5.74,-0.55,0.93,-0.76,8.94,11.43,-0.27,-0.94,0.26,-0.05,9.44,1.05,-3.21,-0.7,0.47,-0.16,6.5,8.76,-4.15,-0.46,0.08,-1.02
45,12.62,4.11,1.08,-0.79,0.29,-0.06,9.63,0.21,-0.09,-0.82,-0.07,-0.06,6.03,-0.81,-7.09,-0.7,-0.05,0.23,7.35,-2.35,-5.95,-0.82,0.37,-0.1,10.55,-7.95,-3.49,-0.66,0.05,-0.87
46,3.69,-7.4,-7.8,-0.89,0.13,-0.03,6.25,-3.5,-7.27,-0.89,-0.03,-0.24,2.69,-1.83,-9.53,-0.7,-0.27,0.37,6.31,-0.68,-10.43,-0.82,-0.04,-0.09,11.27,-4.6,-8.91,-0.66,-0.2,-0.57
47,6.22,-3.76,-6.44,-0.74,0.05,-0.02,7.33,-1.56,-5.09,-0.74,-0.09,-0.16,4.78,-1.54,-9.49,-0.55,-0.24,0.23,13.86,-1.44,-12.15,-0.75,-0.3,-0.09,13.47,-5.4,-7.17,-0.69,-0.29,-0.34
48,7.73,-4.68,-5.49,-0.7,0.0,0.06,9.04,-2.16,-4.73,-0.74,-0.17,-0.08,7.53,-0.48,-11.68,-0.62,-0.22,0.21,25.02,-2.24,-16.5,-0.8,-0.21,-0.13,13.79,-3.69,-1.4,-0.66,-0.39,-0.28
49,10.68,-4.34,-4.83,-0.73,-0.06,0.07,12.49,-0.38,-3.6,-0.76,-0.17,-0.1,9.54,-0.44,-9.98,-0.51,-0.33,0.31,23.26,-1.73,-13.03,-0.72,-0.26,-0.05,13.2,-1.58,-0.85,-0.62,-0.39,-0.43
