Time,Gx0,Gy0,Gz0,Ax0,Ay0,Az0,Gx1,Gy1,Gz1,Ax1,Ay1,Az1,Gx2,Gy2,Gz2,Ax2,Ay2,Az2,Gx3,Gy3,Gz3,Ax3,Ay3,Az3,Gx4,Gy4,Gz4,Ax4,Ay4,Az4,
0,-0.19,-0.41,0.09,-0.64,-0.75,-0.16,-0.27,-0.73,-0.06,-0.77,-0.64,-0.04,-0.05,-1.95,0.04,-0.41,-0.9,-0.27,0.37,0.6,0.39,-0.61,-0.85,-0.28,-0.49,0.17,0.41,0.23,-0.78,-0.81
1,-0.01,0.08,-0.21,-0.63,-0.77,-0.16,-0.02,0.27,-0.16,-0.77,-0.66,-0.05,-0.02,-0.07,0.09,-0.41,-0.89,-0.28,0.12,-0.1,0.37,-0.63,-0.84,-0.29,-0.28,-0.05,0.2,0.22,-0.79,-0.83
2,-0.19,-0.6,-0.2,-0.64,-0.75,-0.14,-0.43,-0.66,-0.31,-0.78,-0.63,-0.01,-0.15,-0.34,0.03,-0.44,-0.88,-0.27,0.06,0.03,0.23,-0.64,-0.84,-0.28,-0.24,0.13,0.02,0.21,-0.76,-0.82
3,-0.35,-0.26,-0.58,-0.7,-0.72,-0.17,-0.71,0.13,-0.46,-0.8,-0.62,-0.0,-0.16,0.25,-0.5,-0.45,-0.87,-0.3,0.05,0.17,-0.28,-0.61,-0.83,-0.31,0.0,0.53,-0.31,0.21,-0.75,-0.83
4,-0.38,1.92,-0.93,-0.65,-0.75,-0.17,-0.8,0.34,-0.63,-0.77,-0.62,-0.05,-0.24,0.26,-0.61,-0.39,-0.87,-0.31,0.13,0.53,-0.22,-0.6,-0.84,-0.3,-0.16,0.7,-0.26,0.26,-0.74,-0.78
5,-0.5,0.15,-1.01,-0.64,-0.75,-0.19,-0.92,0.75,-0.66,-0.76,-0.64,-0.06,-0.39,0.77,-0.49,-0.35,-0.89,-0.3,-0.05,0.72,-0.05,-0.56,-0.87,-0.31,-0.42,0.48,-0.45,0.25,-0.75,-0.8
6,-0.52,0.18,-0.43,-0.59,-0.76,-0.21,-0.61,0.4,-0.15,-0.74,-0.61,-0.1,-0.4,-0.15,-0.16,-0.36,-0.87,-0.34,-0.11,-0.24,-0.01,-0.57,-0.85,-0.33,-0.06,-0.04,-0.3,0.27,-0.75,-0.81
7,-0.36,-0.56,-0.63,-0.61,-0.74,-0.21,-0.75,-0.59,-0.5,-0.76,-0.61,-0.07,-0.04,-1.92,-0.22,-0.34,-0.87,-0.3,0.36,0.54,0.18,-0.54,-0.86,-0.29,-0.34,0.37,0.25,0.26,-0.75,-0.76
8,-0.08,0.24,-0.61,-0.6,-0.75,-0.17,-0.27,0.64,-0.25,-0.74,-0.63,-0.05,-0.12,0.48,-0.18,-0.37,-0.88,-0.28,0.08,0.44,0.18,-0.58,-0.85,-0.29,-0.55,0.34,0.14,0.24,-0.77,-0.79
9,-0.44,-0.17,-0.12,-0.58,-0.78,-0.18,-0.5,-0.28,0.12,-0.73,-0.65,-0.07,-0.47,-0.48,0.26,-0.36,-0.89,-0.27,-0.36,-0.29,0.62,-0.58,-0.87,-0.28,-0.62,-0.37,-0.13,0.23,-0.76,-0.81
10,-0.44,-0.37,0.11,-0.62,-0.75,-0.18,-0.45,-0.37,0.02,-0.76,-0.62,-0.05,-0.34,-0.39,0.02,-0.41,-0.87,-0.3,-0.11,-0.02,0.18,-0.62,-0.82,-0.3,-0.3,0.0,-0.03,0.26,-0.76,-0.8
11,-0.43,-0.28,-0.6,-0.63,-0.74,-0.16,-0.7,-0.27,-0.32,-0.77,-0.62,-0.06,-0.28,0.37,-0.28,-0.39,-0.88,-0.28,0.04,0.81,0.15,-0.58,-0.85,-0.28,-0.67,0.59,0.1,0.27,-0.76,-0.79
12,-0.53,0.19,-0.7,-0.65,-0.74,-0.18,-0.65,0.63,-0.03,-0.77,-0.62,-0.06,-0.43,0.64,-0.37,-0.39,-0.88,-0.31,0.03,0.8,-0.09,-0.6,-0.84,-0.35,-1.08,1.78,-0.56,0.18,-0.86,-0.85
13,-0.64,-0.09,-0.64,-0.6,-0.74,-0.23,-0.7,0.15,-0.31,-0.74,-0.6,-0.06,-0.06,-0.6,-0.95,-0.39,-0.86,-0.34,0.45,0.09,-0.34,-0.58,-0.84,-0.36,0.34,0.42,0.17,0.27,-0.75,-0.81
14,-0.32,-1.05,-1.45,-0.61,-0.75,-0.25,-0.97,-0.94,-0.53,-0.74,-0.61,-0.07,-0.28,-1.71,-1.61,-0.37,-0.87,-0.33,1.59,1.6,-0.53,-0.54,-0.85,-0.31,0.45,0.75,0.76,0.3,-0.75,-0.76
15,-0.08,-0.21,-2.04,-0.6,-0.73,-0.19,-0.87,-0.31,-0.15,-0.71,-0.62,-0.1,0.5,-1.07,-2.6,-0.39,-0.85,-0.33,2.89,3.9,-0.89,-0.54,-0.84,-0.32,-0.27,1.72,1.71,0.29,-0.8,-0.77
16,0.41,0.14,-1.44,-0.46,-0.76,-0.25,-0.4,-1.61,0.15,-0.67,-0.6,-0.15,1.12,-1.15,-0.7,-0.16,-0.87,-0.33,1.57,-0.76,1.05,-0.43,-0.89,-0.39,1.24,-0.76,2.19,0.28,-0.73,-0.83
17,0.55,-2.85,3.53,-0.23,-0.83,-0.3,1.92,-3.37,8.11,-0.26,-0.67,-0.34,3.06,-5.34,5.12,0.08,-0.84,-0.53,-1.03,-13.11,5.99,-0.25,-1.0,-0.63,5.65,-8.79,3.97,0.32,-0.8,-1.06
18,0.68,-11.66,24.48,0.47,-0.9,-0.55,4.56,0.72,18.77,0.7,-0.94,-0.38,3.69,-21.39,26.31,0.45,-0.77,-0.82,0.17,-26.52,11.43,-0.39,-0.93,-1.01,12.7,-23.03,6.8,0.49,-0.78,-1.03
19,-5.63,-12.72,44.18,1.47,-0.55,0.11,-8.17,-36.95,53.21,-0.11,-0.08,-0.47,0.92,-20.7,35.7,1.17,-0.45,0.18,13.18,-30.53,18.97,0.32,-1.14,-1.01,18.83,-38.94,14.15,0.85,-0.74,-1.01
20,-46.89,-55.18,112.18,0.32,0.26,1.01,-40.43,-68.75,85.81,0.48,-0.15,0.95,-17.38,-29.68,74.29,1.73,0.33,1.26,7.44,-35.02,29.63,0.71,-0.87,-0.69,26.02,-57.44,12.15,0.2,-0.69,-1.0
21,-96.46,-41.57,108.78,0.31,0.65,2.0,-73.61,-67.83,80.55,-0.05,-0.56,2.0,-76.92,-62.92,78.05,-0.65,2.0,2.0,4.14,-48.4,51.46,1.31,-0.55,1.05,38.79,-69.93,12.15,0.44,-0.36,-0.58
22,-142.68,-48.83,81.44,2.0,2.0,1.71,-114.5,-84.26,49.18,2.0,0.67,1.79,-74.98,-115.75,46.33,2.0,-0.76,1.36,-33.95,-109.29,60.07,-1.01,2.0,2.0,47.05,-75.18,17.39,0.35,-0.34,0.47
23,-112.09,-2.28,47.93,-0.79,0.39,1.39,-101.92,-33.69,32.15,-0.53,-0.62,1.35,-65.24,-54.53,36.6,-1.37,0.48,1.46,9.98,-44.69,24.15,-0.4,0.08,2.0,39.5,-38.54,13.85,-0.22,-0.51,0.46
24,-82.52,7.17,17.36,-0.96,0.55,0.71,-61.03,-17.4,17.31,-0.74,-0.39,1.05,-45.73,-31.31,10.49,-1.64,-0.12,0.32,-8.31,-21.76,22.63,-0.77,0.02,1.59,12.81,-26.77,9.9,-0.32,-0.58,1.17
25,-24.34,6.36,5.97,-0.6,0.25,0.5,-7.79,6.14,3.87,-0.37,-0.28,0.72,-6.05,-0.85,-0.63,-1.0,-0.23,0.47,0.18,-1.61,15.43,-0.98,0.08,1.27,-0.44,-6.89,5.11,-0.38,-0.81,1.03
26,-5.36,-6.94,2.8,-0.74,-0.2,0.76,1.5,-4.02,1.35,-0.52,-0.68,0.67,6.43,4.34,2.69,-0.61,-0.25,0.73,3.47,7.4,8.95,-0.59,-0.1,0.88,-3.35,4.6,7.1,-0.38,-0.83,0.51
27,-7.14,-5.12,4.23,-0.73,-0.27,0.71,-3.76,-6.7,2.44,-0.51,-0.73,0.51,0.69,-1.51,5.47,-0.67,-0.37,0.74,1.52,2.21,5.98,-0.44,-0.16,0.86,-0.74,-2.95,4.11,-0.52,-0.82,0.25
28,-4.6,-1.95,2.01,-0.72,-0.36,0.75,-3.88,-2.03,1.2,-0.59,-0.74,0.53,-5.83,-5.61,0.65,-0.77,-0.4,0.72,-1.85,-4.51,3.11,-0.57,-0.12,0.83,1.88,-4.35,1.45,-0.52,-0.81,0.29
29,-4.82,2.43,-0.42,-0.75,-0.27,0.69,-5.65,0.88,0.69,-0.56,-0.7,0.53,-5.27,-1.82,-1.69,-0.7,-0.36,0.63,-3.02,-5.01,1.18,-0.54,-0.13,0.83,1.53,-4.4,0.47,-0.43,-0.79,0.41
30,-5.17,3.03,0.98,-0.65,-0.27,0.65,-4.61,0.82,2.5,-0.5,-0.65,0.49,-4.98,-1.48,-0.17,-0.62,-0.37,0.59,-2.32,-2.29,1.0,-0.45,-0.16,0.79,0.44,-2.67,0.22,-0.38,-0.78,0.4
31,-3.85,2.16,1.57,-0.65,-0.28,0.59,-3.55,0.61,2.21,-0.5,-0.65,0.43,-3.61,-0.49,-0.27,-0.6,-0.36,0.52,-1.98,-2.06,-0.27,-0.48,-0.15,0.75,0.16,-2.29,-0.83,-0.45,-0.76,0.33
32,-1.56,1.81,-0.05,-0.67,-0.22,0.56,-1.96,1.47,0.4,-0.49,-0.63,0.43,-1.86,0.23,-0.95,-0.57,-0.34,0.5,-0.67,-0.99,-0.41,-0.4,-0.19,0.74,0.33,-0.6,-0.75,-0.36,-0.75,0.38
33,0.11,0.3,-0.85,-0.66,-0.24,0.52,0.07,0.54,-0.69,-0.5,-0.63,0.42,0.66,0.32,-0.35,-0.56,-0.38,0.53,0.37,0.76,-0.5,-0.41,-0.23,0.8,-0.68,1.66,-0.16,-0.33,-0.75,0.42
34,1.29,-1.02,-0.62,-0.67,-0.28,0.52,1.71,-0.11,-0.73,-0.52,-0.65,0.4,1.56,0.36,0.8,-0.59,-0.4,0.56,0.68,1.6,-0.05,-0.39,-0.24,0.81,-1.36,0.68,0.46,-0.37,-0.77,0.32
35,1.17,-1.11,0.12,-0.7,-0.39,0.58,0.86,-0.56,1.06,-0.54,-0.78,0.39,0.18,0.07,-0.02,-0.62,-0.44,0.66,-1.1,-0.39,0.72,-0.36,-0.22,0.79,0.47,-1.45,-0.36,-0.41,-0.78,0.27
36,-1.54,0.1,0.4,-0.67,-0.34,0.63,-3.35,1.08,1.22,-0.5,-0.72,0.43,-3.53,-1.12,-1.47,-0.58,-0.38,0.58,-2.25,-3.63,-0.36,-0.4,-0.21,0.8,0.81,-3.2,-0.47,-0.35,-0.77,0.38
37,-2.07,1.98,0.41,-0.65,-0.28,0.54,-2.69,0.24,1.07,-0.47,-0.65,0.41,-2.5,-1.14,0.42,-0.55,-0.37,0.51,-0.49,0.37,0.66,-0.39,-0.23,0.82,-1.06,1.15,0.04,-0.32,-0.76,0.45
38,1.09,-1.47,0.51,-0.67,-0.27,0.54,1.95,-0.5,0.11,-0.53,-0.65,0.42,1.79,1.31,1.13,-0.61,-0.38,0.56,0.38,2.29,0.24,-0.43,-0.21,0.8,-1.81,1.37,0.11,-0.37,-0.78,0.33
